"Epitope ID","Sequence","Mapped Start Position","Mapped End Position","Identity","Subjects Tested","Subjects Responded","Assays Positive","Assays Negative","Response Freq.","Lower Bound of 95% CI","Upper Bound of 95% CI"
"1071428","MFVFLVLLPLVSSQC","1","15","100%","90","0","0","5","0.00","0.00","0.04"
"1087636","MFVFLVLLPLVSSQCVNL","1","18","100%","20","0","0","1","0.00","0.00","0.13"
"1332785","MFVFLVLLPLVSS","1","13","100%","1","1","1","0","1.00","0.04","1.00"
"1393926","MFVFLVLLPLVSSQCVN","1","17","100%","1","0","0","1","0.00","0.00","0.94"
"1392304","MFVFLVLLPLVSSQCVNLTT","1","20","100%","1","0","0","1","0.00","0.00","0.94"
"1332003","FVFLVLLPL","2","10","100%","1","1","1","0","1.00","0.04","1.00"
"1437222","FVFLVLLPLVSS","2","13","100%","1","0","0","1","0.00","0.00","0.94"
"1523384","VFLVLLPLVSSQ","3","14","100%","1","0","0","1","0.00","0.00","0.94"
"1543075","VFLVLLPLVSSQCVN","3","17","100%","7","0","0","1","0.00","0.00","0.33"
"1313117","LVLLPLVSSQCVNLT","5","19","100%","53","0","0","2","0.00","0.00","0.07"
"1310899","VLLPLVSSQCVNLTT","6","20","100%","16","1","1","0","0.06","0.00","0.25"
"1071273","LLPLVSSQCVNLTTR","7","21","100%","8","0","0","2","0.00","0.00","0.30"
"1321078","LPLVSSQCV","8","16","100%","4","1","1","0","0.25","0.01","0.74"
"1393908","LPLVSSQCVNLTTRTQL","8","24","100%","12","1","1","0","0.08","0.00","0.33"
"1470934","LPLVSSQCVNLT","8","19","100%","1","1","1","0","1.00","0.04","1.00"
"1087684","PLVSSQCVNLTTRTQLPP","9","26","100%","20","0","0","1","0.00","0.00","0.13"
"1313292","PLVSSQCVNLTTRTQ","9","23","100%","53","0","0","2","0.00","0.00","0.07"
"1488606","PLVSSQCVNLTT","9","20","100%","1","1","1","0","1.00","0.04","1.00"
"1474585","LVSSQCVNLTTR","10","21","100%","1","0","0","1","0.00","0.00","0.94"
"1310923","VSSQCVNLTTRTQLP","11","25","100%","56","1","1","3","0.02","0.00","0.09"
"1392504","VSSQCVNLTTRTQLPPAYTN","11","30","100%","1","0","0","1","0.00","0.00","0.94"
"1529337","VSSQCVNLTTRT","11","22","100%","1","0","0","1","0.00","0.00","0.94"
"1346804","S12, C15, L18, T19, C136, G142, H146, K147, N149, R246","12","246","100%","14","8","1","0","0.57","0.32","0.79"
"1509429","SSQCVNLTTRTQ","12","23","100%","1","1","1","0","1.00","0.04","1.00"
"1313652","SQCVNLTTRTQLPPA","13","27","100%","53","0","0","2","0.00","0.00","0.07"
"1309555","QCVNLTTRTQLPPAYTNSFT","14","33","100%","120","3","1","0","0.03","0.01","0.07"
"1346820","Q14, Y144, Y145, H146, K147, F157, G252, D253","14","253","100%","7","7","1","0","1.00","0.65","1.00"
"1347910","Q14, C15, V16, N17, T19, G142, V143, Y144, K147, E156, R158, L244, H245, R246, S247, Y248, L249, T250, P251, G252, S256","14","256","100%","1","1","1","0","1.00","0.04","1.00"
"1347911","Q14, C15, Y144, H146, K147, E154, E156, R158, R246, Y248, L249, T250, P251, D253, S254","14","254","100%","1","1","1","0","1.00","0.04","1.00"
"1347912","Q14, N17, L18, T76, K77, V143","14","143","100%","1","1","1","0","1.00","0.04","1.00"
"1347913","Q14, Y144, H146, K147, N148, N149, W152, M153, E154, E156, F157, R158, R246, Y248, L249, P251, G252, D253","14","253","100%","1","1","1","0","1.00","0.04","1.00"
"1397522","Q14, Y144, Y145, H146, K147, E154, E156, F157, R158, R246, S247, Y248, L249, T250, P251, G252, D253, S254, W258","14","258","100%","1","1","1","0","1.00","0.04","1.00"
"1491679","QCVNLTTRTQLPPA","14","27","100%","1","0","0","1","0.00","0.00","0.94"
"1491678","QCVNLTTRTQLP","14","25","100%","1","0","0","1","0.00","0.00","0.94"
"1539326","Q14, Y144, Y145, H146, K147, M153, F157, R158, R246, Y248, L249, T250, P251, G252, D253, S254","14","254","100%","1","1","1","0","1.00","0.04","1.00"
"1391825","CVNLTTRTQLPPAY","15","28","100%","15","0","0","1","0.00","0.00","0.17"
"1393716","CVNLTTRTQLPPAYTNS","15","31","100%","1","0","0","1","0.00","0.00","0.94"
"1418678","CVNLTTRTQLPP","15","26","100%","1","1","1","0","1.00","0.04","1.00"
"1539777","CVNLTTRTQLPPAYT","15","29","100%","7","0","0","1","0.00","0.00","0.33"
"1310909","VNLTTRTQLPPAYTN","16","30","100%","49","4","2","1","0.08","0.03","0.17"
"1346805","V16, N17, F140, G142, V143, Y144, Y145, H146, K147, N148, W152, E154, E156, R158, L244, H245, R246, L249, P251","16","251","100%","9","6","1","0","0.67","0.34","0.90"
"1346806","V16, N17, T19, Y144, R246, S247, Y248, T250, P251, G252, D253, S254, S255, S256, G257","16","257","100%","1","1","1","0","1.00","0.04","1.00"
"1346807","V16, N17, T20, Y144, Y145, H146, K147, N148, S155, R158, R246, L249, T250, P251, G252, D253","16","253","100%","1","1","1","0","1.00","0.04","1.00"
"1527030","VNLTTRTQLPPA","16","27","100%","1","1","1","0","1.00","0.04","1.00"
"1087385","NLTTRTQL","17","24","100%","36","1","1","0","0.03","0.00","0.12"
"1087661","NLTTRTQLPPAYTNSFTR","17","34","100%","20","0","0","1","0.00","0.00","0.13"
"1313223","NLTTRTQLPPAYTNS","17","31","100%","53","0","0","2","0.00","0.00","0.07"
"1482142","NLTTRTQLPPAY","17","28","100%","1","0","0","1","0.00","0.00","0.94"
"1347903","L18, D80, L242, A243, L244, R246","18","246","100%","1","1","1","0","1.00","0.04","1.00"
"1347904","L18, Y144, L242, A243, L244, N501","18","501","100%","1","1","1","0","1.00","0.04","1.00"
"1347905","L18, Y144, L242, A243, L244, R246, E484, N501, A701, T716","18","716","100%","1","1","1","0","1.00","0.04","1.00"
"1346814","L18, T20, P26, D138, R190, K417, E484, N501, D614, H655, T1027, V1176","18","1176","100%","92","32","1","0","0.35","0.26","0.45"
"1392566","L18","18","18","100%","15","1","1","0","0.07","0.00","0.27"
"1473798","LTTRTQLPPAYT","18","29","100%","1","1","1","0","1.00","0.04","1.00"
"1519725","TTRTQLPPAYTN","19","30","100%","1","1","1","0","1.00","0.04","1.00"
"1542941","TTRTQLPPAYTNSFT","19","33","100%","7","0","0","1","0.00","0.00","0.33"
"1334061","TRTQLPPAY","20","28","100%","5","1","1","0","0.20","0.01","0.64"
"1518507","TRTQLPPAYTNS","20","31","100%","1","1","1","0","1.00","0.04","1.00"
"1310777","RTQLPPAYTNSFTRG","21","35","100%","129","4","1","4","0.03","0.01","0.08"
"1387981","RTQLPPAYTNSFTRGVYYPDKVFRS","21","45","100%","1","1","1","0","1.00","0.04","1.00"
"1392408","RTQLPPAYTNSFTR","21","34","100%","1","1","1","0","1.00","0.04","1.00"
"1392409","RTQLPPAYTNSFTRGVYYPD","21","40","100%","1","1","1","0","1.00","0.04","1.00"
"1392410","RTQLPPAYTNSFTRGVYYPDKVFRSSVLHSTQDLFLPFF","21","59","100%","19","1","1","0","0.05","0.00","0.22"
"1500647","RTQLPPAYTNSF","21","32","100%","1","1","1","0","1.00","0.04","1.00"
"1394103","TQLPPAYTNSFTRGVYY","22","38","100%","1","0","0","1","0.00","0.00","0.94"
"1392477","TQLPPAYTNSFTRGV","22","36","100%","1","1","1","0","1.00","0.04","1.00"
"1518048","TQLPPAYTNSFT","22","33","100%","1","1","1","0","1.00","0.04","1.00"
"1518049","TQLPPAYTNSFTRGVYYPD","22","40","100%","1","1","1","0","1.00","0.04","1.00"
"1392382","QLPPAYTNSFTRGV","23","36","100%","1","1","1","0","1.00","0.04","1.00"
"1493701","QLPPAYTNSFTR","23","34","100%","1","1","1","0","1.00","0.04","1.00"
"1542140","QLPPAYTNSFTRGVY","23","37","100%","7","0","0","1","0.00","0.00","0.33"
"1074980","LPPAYTNSF","24","32","100%","41","2","2","0","0.05","0.01","0.14"
"1309522","LPPAYTNSFTRGVYYPDKVF","24","43","100%","120","13","1","0","0.11","0.06","0.18"
"1470977","LPPAYTNSFTRG","24","35","100%","1","0","0","1","0.00","0.00","0.94"
"1071788","PPAYTNSFTRGVYYP","25","39","100%","56","1","1","4","0.02","0.00","0.09"
"1087685","PPAYTNSFTRGVYYPDKV","25","42","100%","20","0","0","1","0.00","0.00","0.13"
"1397182","PPAYTNSFTRGVYY","25","38","100%","15","6","1","0","0.40","0.19","0.63"
"1489035","PPAYTNSFTRGV","25","36","100%","1","0","0","1","0.00","0.00","0.94"
"1310705","PAYTNSFTRGVYYPD","26","40","100%","16","0","0","1","0.00","0.00","0.16"
"1346802","A27, Y28, T29, N30, F32, N61, W64, H66, I68, H69, K97, F186, N211, L212, V213, R214, D215, L216, P217, Q218, S605, N606","27","606","100%","10","10","1","0","1.00","0.74","1.00"
"1414748","AYTNSFTRGVYY","27","38","100%","1","1","1","0","1.00","0.04","1.00"
"1539656","AYTNSFTRGVYYPDK","27","41","100%","7","0","0","1","0.00","0.00","0.33"
"1328804","YTNSFTRGVY","28","37","100%","17","4","2","0","0.24","0.08","0.45"
"1334416","YTNSFTRGVYY","28","38","100%","6","1","1","0","0.17","0.01","0.56"
"1538190","YTNSFTRGVYYP","28","39","100%","1","1","1","0","1.00","0.04","1.00"
"1313769","TNSFTRGVYYPDKVF","29","43","100%","53","0","0","2","0.00","0.00","0.07"
"1394101","TNSFTRGVYYPDKVFRS","29","45","100%","1","0","0","1","0.00","0.00","0.94"
"1517329","TNSFTRGVYYPD","29","40","100%","1","1","1","0","1.00","0.04","1.00"
"1322611","NSFTRGVYY","30","38","100%","4","1","1","0","0.25","0.01","0.74"
"1483713","NSFTRGVYYPDK","30","41","100%","1","1","1","0","1.00","0.04","1.00"
"1072624","SFTRGVYYPDKVFRS","31","45","100%","45","2","2","3","0.04","0.01","0.13"
"1392421","SFTRGVYYPDKVFRSSVLHS","31","50","100%","1","0","0","1","0.00","0.00","0.94"
"1503852","SFTRGVYYPDKV","31","42","100%","1","1","1","0","1.00","0.04","1.00"
"1087758","TRGVYYPDKVFRSSVLHS","33","50","100%","20","0","0","1","0.00","0.00","0.13"
"1313797","TRGVYYPDKVFRSSV","33","47","100%","54","1","1","2","0.02","0.00","0.10"
"1309570","RGVYYPDKVFRSSVLHSTQD","34","53","100%","120","3","1","0","0.03","0.01","0.07"
"1330004","RGVYYPDKVFRS","34","45","100%","1","0","0","1","0.00","0.00","0.94"
"1317887","GVYYPDKVFR","35","44","100%","4","1","1","0","0.25","0.01","0.74"
"1312631","GVYYPDKVFRSS","35","46","100%","1","0","0","1","0.00","0.00","0.94"
"1329530","GVYYPDKVFRSSVLH","35","49","100%","7","0","0","1","0.00","0.00","0.33"
"1310935","VYYPDKVFRSSVLHS","36","50","100%","30","3","2","1","0.10","0.03","0.23"
"1075113","VYYPDKVFRSSVLH","36","49","100%","36","14","1","0","0.39","0.25","0.53"
"1327741","VYYPDKVF","36","43","100%","4","1","1","0","0.25","0.01","0.74"
"1394152","VYYPDKVFRSSVLHSTQ","36","52","100%","12","1","1","0","0.08","0.00","0.33"
"1074296","YYPDKVFRSSVLHST","37","51","100%","54","0","0","3","0.00","0.00","0.07"
"1486297","PDKVFRSSVLHS","39","50","100%","1","0","0","1","0.00","0.00","0.94"
"1541912","PDKVFRSSVLHSTQD","39","53","100%","7","2","1","0","0.29","0.05","0.64"
"1310555","KVFRSSVLHSTQDLF","41","55","100%","89","0","0","4","0.00","0.00","0.04"
"1087601","KVFRSSVLHSTQDLFLPF","41","58","100%","20","0","0","1","0.00","0.00","0.13"
"1320006","KVFRSSVLH","41","49","100%","14","2","1","1","0.14","0.03","0.37"
"1392252","KVFRSSVLHSTQDLFLPFFS","41","60","100%","1","0","0","1","0.00","0.00","0.94"
"1462870","KVFRSSVLHSTQ","41","52","100%","1","1","1","0","1.00","0.04","1.00"
"1311242","V42, F43, R44, S45, V47, L368, Y369, N370, F377, K378, C379, G381, S383, P384, T385, L390, D428, F429, T430","42","430","100%","1","1","1","0","1.00","0.04","1.00"
"1331988","FRSSVLHST","43","51","100%","6","1","1","0","0.17","0.01","0.56"
"1393772","FRSSVLHSTQDLFLPFF","43","59","100%","1","0","0","1","0.00","0.00","0.94"
"1540326","FRSSVLHSTQDLFLP","43","57","100%","7","0","0","1","0.00","0.00","0.33"
"1309574","RSSVLHSTQDLFLPFFSNVT","44","63","100%","120","6","1","0","0.05","0.02","0.10"
"1313684","SSVLHSTQDLFLPFF","45","59","100%","53","3","1","1","0.06","0.02","0.15"
"1310827","SVLHSTQDLFLPFFS","46","60","100%","29","3","2","0","0.10","0.03","0.24"
"1511000","SVLHSTQDLFLP","46","57","100%","1","0","0","1","0.00","0.00","0.94"
"1543153","VLHSTQDLFLPFFSN","47","61","100%","7","1","1","0","0.14","0.01","0.50"
"1087546","HSTQDLFLPFFSNVTWFH","49","66","100%","20","0","0","1","0.00","0.00","0.13"
"1312672","HSTQDLFLPFFSNVT","49","63","100%","53","1","1","1","0.02","0.00","0.10"
"1448328","HSTQDLFLPFFS","49","60","100%","1","0","0","1","0.00","0.00","0.94"
"1075065","STQDLFLPFF","50","59","100%","43","13","2","0","0.30","0.19","0.43"
"1333812","STQDLFLPF","50","58","100%","22","13","2","0","0.59","0.39","0.76"
"1394076","STQDLFLPFFSNVTWFH","50","66","100%","1","0","0","1","0.00","0.00","0.94"
"1510257","STQDLFLPFFSN","50","61","100%","1","0","0","1","0.00","0.00","0.94"
"1310861","TQDLFLPFFSNVTWF","51","65","100%","40","2","1","2","0.05","0.01","0.14"
"1330227","TQDLFLPFF","51","59","100%","10","6","2","0","0.60","0.30","0.84"
"1392470","TQDLFLPFFSNVTWFHAIHV","51","70","100%","1","0","0","1","0.00","0.00","0.94"
"1312313","DLFLPFFSNVTWFHA","53","67","100%","53","0","0","2","0.00","0.00","0.07"
"1422287","DLFLPFFSNVTW","53","64","100%","1","0","0","1","0.00","0.00","0.94"
"1309510","LFLPFFSNVTWFHAIHVSGT","54","73","100%","120","0","0","1","0.00","0.00","0.03"
"1329666","LFLPFFSNV","54","62","100%","5","4","1","0","0.80","0.34","0.99"
"1074888","FLPFFSNVTWFHAI","55","68","100%","36","19","1","0","0.53","0.38","0.67"
"1329407","FLPFFSNV","55","62","100%","13","5","2","0","0.38","0.16","0.63"
"1316697","FLPFFSNVTW","55","64","100%","1","1","1","0","1.00","0.04","1.00"
"1540289","FLPFFSNVTWFHAIH","55","69","100%","7","1","1","0","0.14","0.01","0.50"
"1310610","LPFFSNVTWFHAIHV","56","70","100%","24","1","1","1","0.04","0.00","0.18"
"1470747","LPFFSNVTWFHA","56","67","100%","1","0","0","1","0.00","0.00","0.94"
"1087674","PFFSNVTWFHAIHVSGTN","57","74","100%","20","0","0","1","0.00","0.00","0.13"
"1313276","PFFSNVTWFHAIHVS","57","71","100%","11","2","2","0","0.18","0.03","0.46"
"1330548","PFFSNVTWF","57","65","100%","17","1","1","2","0.06","0.00","0.24"
"1393979","PFFSNVTWFHAIHVSGT","57","73","100%","1","0","0","1","0.00","0.00","0.94"
"1486712","PFFSNVTWFHAI","57","68","100%","1","0","0","1","0.00","0.00","0.94"
"1432608","FFSNVTWFHAIH","58","69","100%","1","0","0","1","0.00","0.00","0.94"
"1436320","FSNVTWFHAIHV","59","70","100%","1","0","0","1","0.00","0.00","0.94"
"1540332","FSNVTWFHAIHVSGT","59","73","100%","7","1","1","0","0.14","0.01","0.50"
"1507585","SNVTWFHAIHVS","60","71","100%","1","0","0","1","0.00","0.00","0.94"
"1310701","NVTWFHAIHVSGTNG","61","75","100%","46","4","4","2","0.09","0.03","0.18"
"1391894","NVTWFHAIHVSGTNGT","61","76","100%","15","0","0","1","0.00","0.00","0.17"
"1392339","NVTWFHAIHVS","61","71","100%","1","1","1","0","1.00","0.04","1.00"
"1392340","NVTWFHAIHVSGTN","61","74","100%","1","1","1","0","1.00","0.04","1.00"
"1392341","NVTWFHAIHVSGTNGTKRFD","61","80","100%","1","1","1","0","1.00","0.04","1.00"
"1485114","NVTWFHAIHVSG","61","72","100%","1","0","0","1","0.00","0.00","0.94"
"1392507","VTWFHAIHVSGTN","62","74","100%","1","1","1","0","1.00","0.04","1.00"
"1392508","VTWFHAIHVSGTNGT","62","76","100%","1","1","1","0","1.00","0.04","1.00"
"1530190","VTWFHAIHVSGT","62","73","100%","1","1","1","0","1.00","0.04","1.00"
"1334485","TWFHAIHVSGTNGTKRFDNPVLP","63","85","100%","20","1","1","0","0.05","0.00","0.21"
"1334486","TWFHAIHVSGTNGTKRFDNPVLP","63","85","100%","20","1","1","0","0.05","0.00","0.21"
"1392483","TWFHAIHVSGTNGTK","63","77","100%","8","1","1","1","0.13","0.01","0.46"
"1397450","TWFHAISGTNGTK","63","77","86.67%","1","1","1","0","1.00","0.04","1.00"
"1520585","TWFHAIHVSGTN","63","74","100%","1","0","0","1","0.00","0.00","0.94"
"1309611","WFHAIHVSGTNGTKRFDNPV","64","83","100%","120","3","1","0","0.03","0.01","0.07"
"1394153","WFHAIHVSGTNGTKRFD","64","80","100%","1","0","0","1","0.00","0.00","0.94"
"1406415","W64","64","64","100%","1","1","1","0","1.00","0.04","1.00"
"1532035","WFHAIHVSGTNG","64","75","100%","1","0","0","1","0.00","0.00","0.94"
"1087510","FHAIHVSGTNGTKRFDNP","65","82","100%","20","0","0","1","0.00","0.00","0.13"
"1312426","FHAIHVSGTNGTKRF","65","79","100%","54","2","2","1","0.04","0.01","0.13"
"1433135","FHAIHVSGTNGT","65","76","100%","1","0","0","1","0.00","0.00","0.94"
"1310473","HAIHVSGTNGTKRFD","66","80","100%","14","0","0","2","0.00","0.00","0.18"
"1446187","HAIHVSGTNGTK","66","77","100%","1","1","1","0","1.00","0.04","1.00"
"1409235","AIHVSGTNGTKR","67","78","100%","1","1","1","0","1.00","0.04","1.00"
"1539468","AIHVSGTNGTKRFDN","67","81","100%","7","1","1","0","0.14","0.01","0.50"
"1318206","HVSGTNGTK","69","77","100%","2","2","1","0","1.00","0.22","1.00"
"1312678","HVSGTNGTKRFDNPV","69","83","100%","53","1","1","1","0.02","0.00","0.10"
"1448799","HVSGTNGTKRFD","69","80","100%","1","0","0","1","0.00","0.00","0.94"
"1528940","VSGTNGTKRFDN","70","81","100%","1","0","0","1","0.00","0.00","0.94"
"1310799","SGTNGTKRFDNPVLP","71","85","100%","40","1","1","2","0.03","0.00","0.11"
"1394052","SGTNGTKRFDNPVLPFN","71","87","100%","1","0","0","1","0.00","0.00","0.94"
"1392002","S71, K97, S98, T124, Y145, H146, K147, K150, S151, W152, E180, G181, K182, Q183, N185, V213, H245, S247, Y248, L249, T259, A260, A262","71","262","100%","1","1","1","0","1.00","0.04","1.00"
"1392424","SGTNGTKRFDNPVLPFNDGV","71","90","100%","1","1","1","0","1.00","0.04","1.00"
"1504492","SGTNGTKRFDNP","71","82","100%","1","1","1","0","1.00","0.04","1.00"
"1444629","GTNGTKRFDNPV","72","83","100%","1","1","1","0","1.00","0.04","1.00"
"1087746","TNGTKRFDNPVLPFNDGV","73","90","100%","20","0","0","1","0.00","0.00","0.13"
"1313767","TNGTKRFDNPVLPFN","73","87","100%","53","1","1","1","0.02","0.00","0.10"
"1309533","NGTKRFDNPVLPFNDGVYFA","74","93","100%","120","2","1","0","0.02","0.00","0.06"
"1480512","NGTKRFDNPVLP","74","85","100%","1","1","1","0","1.00","0.04","1.00"
"1540604","GTKRFDNPVLPFNDG","75","89","100%","7","0","0","1","0.00","0.00","0.33"
"1310848","TKRFDNPVLPFNDGV","76","90","100%","13","0","0","1","0.00","0.00","0.20"
"1309824","KRFDNPVL","77","84","100%","6","5","1","1","0.83","0.42","0.99"
"1329643","KRFDNPVLP","77","85","100%","5","5","1","0","1.00","0.55","1.00"
"1312897","KRFDNPVLPFNDGVY","77","91","100%","53","1","1","1","0.02","0.00","0.10"
"1087399","RFDNPVLPF","78","86","100%","42","7","4","1","0.17","0.08","0.28"
"1394021","RFDNPVLPFNDGVYFAS","78","94","100%","1","0","0","1","0.00","0.00","0.94"
"1316333","FDNPVLPFNDGVYF","79","92","100%","4","2","1","0","0.50","0.10","0.89"
"1331942","FDNPVLPFNDGVYFA","79","93","100%","35","8","2","0","0.23","0.12","0.37"
"1346811","D80, D215, K417, E484, N501, D614, A701","80","701","100%","92","82","1","0","0.89","0.81","0.94"
"1310678","NPVLPFNDGVYFAST","81","95","100%","97","1","1","4","0.01","0.00","0.06"
"1087666","NPVLPFNDGVYFASTEKS","81","98","100%","20","0","0","1","0.00","0.00","0.13"
"1392331","NPVLPFNDGVYFASTEKSNI","81","100","100%","1","0","0","1","0.00","0.00","0.94"
"1075093","VLPFNDGVYFASTEK","83","97","100%","43","8","1","1","0.19","0.09","0.31"
"1334231","VLPFNDGVYFA","83","93","100%","15","2","1","0","0.13","0.02","0.35"
"1526092","VLPFNDGVYFAS","83","94","100%","1","0","0","1","0.00","0.00","0.94"
"1321049","LPFNDGVYF","84","92","100%","11","2","2","1","0.18","0.03","0.46"
"1313279","PFNDGVYFASTEKSN","85","99","100%","53","0","0","2","0.00","0.00","0.07"
"1393981","PFNDGVYFASTEKSNII","85","101","100%","12","1","1","0","0.08","0.00","0.33"
"1310413","FNDGVYFASTEKSNI","86","100","100%","13","0","0","1","0.00","0.00","0.20"
"1397173","NDGVYFASTEKSNIIR","87","102","100%","15","10","1","0","0.67","0.42","0.85"
"1541691","NDGVYFASTEKSNII","87","101","100%","7","0","0","1","0.00","0.00","0.33"
"1315357","DGVYFASTEK","88","97","100%","2","1","1","0","0.50","0.02","0.97"
"1087541","GVYFASTEKSNIIRGWIF","89","106","100%","20","0","0","1","0.00","0.00","0.13"
"1312627","GVYFASTEK","89","97","100%","20","3","2","1","0.15","0.04","0.33"
"1312628","GVYFASTEKSNIIRG","89","103","100%","53","0","0","2","0.00","0.00","0.07"
"1074069","YFASTEKSNIIRGWI","91","105","100%","41","1","1","3","0.02","0.00","0.11"
"1392525","YFASTEKSNIIRGWIFGTTL","91","110","100%","1","1","1","0","1.00","0.04","1.00"
"1074883","FASTEKSNIIRGWIFGTTLDSKTQSLLIVNNATNVVIKVCEFQ","92","134","100%","4","1","1","0","0.25","0.01","0.74"
"1334461","FASTEKSNIIRGWIF","92","106","100%","20","2","1","0","0.10","0.02","0.27"
"1338210","F92, A93, S94, T95, E96, K97, S98, N99, I100, I101, R102, C136, N137, D138, P139, F140, L141, G142, V143, Y144, V171, S172, Q173, P174, F175, L176, M177, D178, L179, L242, A243, L244, H245, R246, S247, Y248, L249, T250, P251, G252, D253, S254, S255, S256, G257, W258, T259, A260, G261, A262, A263, A264","92","264","100%","1","1","1","0","1.00","0.04","1.00"
"1393761","FASTEKSNIIRGWIFGT","92","108","100%","1","0","0","1","0.00","0.00","0.94"
"1312226","ASTEKSNIIRGWIFG","93","107","100%","53","0","0","2","0.00","0.00","0.07"
"1309587","STEKSNIIRGWIFGTTLDSK","94","113","100%","120","2","1","0","0.02","0.00","0.06"
"1509877","STEKSNIIRGWI","94","105","100%","1","0","0","1","0.00","0.00","0.94"
"1075071","TEKSNIIRGW","95","104","100%","41","6","2","0","0.15","0.06","0.26"
"1513477","TEKSNIIRGWIF","95","106","100%","1","1","1","0","1.00","0.04","1.00"
"1542714","TEKSNIIRGWIFGTT","95","109","100%","7","0","0","1","0.00","0.00","0.33"
"1310361","EKSNIIRGWIFGTTL","96","110","100%","24","1","1","1","0.04","0.00","0.18"
"1428230","EKSNIIRGWIFG","96","107","100%","1","0","0","1","0.00","0.00","0.94"
"1070815","KSNIIRGWIFGTTLD","97","111","100%","54","0","0","3","0.00","0.00","0.07"
"1087596","KSNIIRGWIFGTTLDSKT","97","114","100%","20","0","0","1","0.00","0.00","0.13"
"1462222","KSNIIRGWIFGT","97","108","100%","1","0","0","1","0.00","0.00","0.94"
"1392572","S98","98","98","100%","15","1","1","0","0.07","0.00","0.27"
"1393950","NIIRGWIFGTTLDSKTQ","99","115","100%","12","1","1","0","0.08","0.00","0.33"
"1541739","NIIRGWIFGTTLDSK","99","113","100%","7","0","0","1","0.00","0.00","0.33"
"1310506","IRGWIFGTTLDSKTQ","101","115","100%","100","1","1","4","0.01","0.00","0.05"
"1392227","IRGWIFGTTLDSKTQSLLIV","101","120","100%","1","0","0","1","0.00","0.00","0.94"
"1454193","IRGWIFGTTLDS","101","112","100%","1","0","0","1","0.00","0.00","0.94"
"1392397","RGWIFGTT","102","109","100%","1","1","1","0","1.00","0.04","1.00"
"1445657","GWIFGTTLDSKT","103","114","100%","1","0","0","1","0.00","0.00","0.94"
"1540646","GWIFGTTLDSKTQSL","103","117","100%","7","0","0","1","0.00","0.00","0.33"
"1075116","WIFGTTLDSK","104","113","100%","36","1","1","0","0.03","0.00","0.12"
"1532227","WIFGTTLDSKTQ","104","115","100%","1","0","0","1","0.00","0.00","0.94"
"1087553","IFGTTLDSKTQSLLIVNN","105","122","100%","21","1","1","1","0.05","0.00","0.20"
"1312693","IFGTTLDSKTQSLLI","105","119","100%","53","1","1","1","0.02","0.00","0.10"
"1450609","IFGTTLDSKTQS","105","116","100%","1","1","1","0","1.00","0.04","1.00"
"1310392","FGTTLDSKTQSLLIV","106","120","100%","27","1","1","1","0.04","0.00","0.16"
"1393764","FGTTLDSKTQSLLIVNN","106","122","100%","1","0","0","1","0.00","0.00","0.94"
"1433065","FGTTLDSKTQSL","106","117","100%","1","0","0","1","0.00","0.00","0.94"
"1540612","GTTLDSKTQSLLIVN","107","121","100%","7","1","1","0","0.14","0.01","0.50"
"1075075","TLDSKTQSL","109","117","100%","69","5","4","2","0.07","0.03","0.16"
"1313752","TLDSKTQSLLIVNNA","109","123","100%","53","0","0","2","0.00","0.00","0.07"
"1310336","DSKTQSLLIVNNATN","111","125","100%","54","3","2","2","0.06","0.02","0.15"
"1392113","DSKTQSLLIVNNATNVVIKV","111","130","100%","1","0","0","1","0.00","0.00","0.94"
"1505910","SKTQSLLIVNNA","112","123","100%","1","0","0","1","0.00","0.00","0.94"
"1505911","SKTQSLLIVNNATN","112","125","100%","1","1","1","0","1.00","0.04","1.00"
"1087599","KTQSLLIVNNATNVVIKV","113","130","100%","20","0","0","1","0.00","0.00","0.13"
"1312917","KTQSLLIVNNATNVV","113","127","100%","53","1","1","1","0.02","0.00","0.10"
"1393881","KTQSLLIVNNATNVVIK","113","129","100%","1","0","0","1","0.00","0.00","0.94"
"1462655","KTQSLLIVNNAT","113","124","100%","1","1","1","0","1.00","0.04","1.00"
"1072027","QSLLIVNNATNVVIK","115","129","100%","8","1","1","1","0.13","0.01","0.46"
"1310810","SLLIVNNATNVVIKV","116","130","100%","27","2","2","0","0.07","0.01","0.21"
"1312997","LLIVNNATNVVIKVC","117","131","100%","53","0","0","2","0.00","0.00","0.07"
"1540905","IVNNATNVVIKVCEF","119","133","100%","7","1","1","0","0.14","0.01","0.50"
"1394134","VNNATNVVIKVCEFQFC","120","136","100%","12","1","1","0","0.08","0.00","0.33"
"1071586","NNATNVVIKVCEFQF","121","135","100%","90","3","1","4","0.03","0.01","0.09"
"1087663","NNATNVVIKVCEFQFCND","121","138","100%","20","0","0","1","0.00","0.00","0.13"
"1392329","NNATNVVIKVCEFQFCNDPF","121","140","100%","1","1","1","0","1.00","0.04","1.00"
"1334512","A123, G142, Y144, F157, R158, N164","123","164","100%","9","2","1","0","0.22","0.04","0.54"
"1413360","ATNVVIKVCEFQ","123","134","100%","1","1","1","0","1.00","0.04","1.00"
"1539617","ATNVVIKVCEFQFCN","123","137","100%","7","0","0","1","0.00","0.00","0.33"
"1313262","NVVIKVCEFQFCNDP","125","139","100%","54","2","2","1","0.04","0.01","0.13"
"1310930","VVIKVCEFQFCNDPF","126","140","100%","27","2","2","0","0.07","0.01","0.21"
"1073887","VIKVCEFQFCNDPFL","127","141","100%","8","3","1","1","0.38","0.11","0.70"
"1394119","VIKVCEFQFCNDPFLGV","127","143","100%","1","0","0","1","0.00","0.00","0.94"
"1524602","VIKVCEFQFCND","127","138","100%","1","0","0","1","0.00","0.00","0.94"
"1452257","IKVCEFQFCNDP","128","139","100%","1","0","0","1","0.00","0.00","0.94"
"1074963","KVCEFQFCNDPFLGVYYHKNNKSWMESEFRVYSSANNCTFEYV","129","171","100%","4","1","1","0","0.25","0.01","0.74"
"1087600","KVCEFQFCNDPFLGVYYH","129","146","100%","20","0","0","1","0.00","0.00","0.13"
"1312928","KVCEFQFCNDPFLGV","129","143","100%","53","0","0","2","0.00","0.00","0.07"
"1462784","KVCEFQFCNDPFLGVYYHK","129","147","100%","1","1","1","0","1.00","0.04","1.00"
"1462783","KVCEFQFCNDPF","129","140","100%","1","1","1","0","1.00","0.04","1.00"
"1521678","VCEFQFCNDPFL","130","141","100%","1","0","0","1","0.00","0.00","0.94"
"1310306","CEFQFCNDPFLGVYY","131","145","100%","54","10","3","1","0.19","0.10","0.31"
"1392070","CEFQFCNDPFLGVYYHKNNK","131","150","100%","1","1","1","0","1.00","0.04","1.00"
"1415557","CEFQFCNDPFLG","131","142","100%","1","0","0","1","0.00","0.00","0.94"
"1427237","EFQFCNDPFLGV","132","143","100%","1","0","0","1","0.00","0.00","0.94"
"1312484","FQFCNDPFLGVYYHK","133","147","100%","54","1","1","2","0.02","0.00","0.10"
"1392157","FQFCNDPFL","133","141","100%","9","0","0","2","0.00","0.00","0.27"
"1435610","FQFCNDPFLGVYYHKNNK","133","150","100%","1","1","1","0","1.00","0.04","1.00"
"1435609","FQFCNDPFLGVY","133","144","100%","1","0","0","1","0.00","0.00","0.94"
"1309556","QFCNDPFLGVYYHKNNKSWM","134","153","100%","120","1","1","0","0.01","0.00","0.05"
"1366891","QFCNDPFLGVYHKNNK","134","150","94.12%","1","1","1","0","1.00","0.04","1.00"
"1394001","QFCNDPFLGVYYHKNNK","134","150","100%","12","1","1","0","0.08","0.00","0.33"
"1074884","FCNDPFLGVYY","135","145","100%","43","11","2","0","0.26","0.15","0.38"
"1329390","FCNDPFLGVYYH","135","146","100%","1","0","0","1","0.00","0.00","0.94"
"1540214","FCNDPFLGVYYHKNN","135","149","100%","7","0","0","1","0.00","0.00","0.33"
"1310311","CNDPFLGVYYHKNNK","136","150","100%","16","0","0","1","0.00","0.00","0.16"
"1331139","CNDPFLGVY","136","144","100%","6","1","1","0","0.17","0.01","0.56"
"1338206","C136, N137, D138, P139, F140, L141, G142, V143, T307, V308, E309, K310, G311, I312, Y313, Q314, T315, S316, N317, F318, P621, V622, A623, I624, H625, A626, D627, Q628, L629, T630, P631, T632, W633, R634, V635, Y636","136","636","100%","1","1","1","0","1.00","0.04","1.00"
"1338207","C136, N137, D138, P139, F140, L141, G142, V143, Y144, L242, L244, H245, R246, S247, Y248, L249, T250, P251, G252, D253, S254, S255, S256, G257, W258, T259, A260, G261, A262, A263, A264, Y265","136","265","100%","1","1","1","0","1.00","0.04","1.00"
"1338208","C136, N137, D138, P139, F140, L141, G142, V143, Y144, V171, S172, Q173, P174, F175, L176, M177, D178, L179, L242, A243, L244, H245, R246, S247, Y248, L249, T250, P251, G252, D253, S254, S255, S256, G257, W258, T259, A260, G261, A262, A263, A264","136","264","100%","1","1","1","0","1.00","0.04","1.00"
"1338209","C136, N137, D138, P139, F140, L141, G142, V143, Y144, V171, S172, Q173, P174, F175, L176, M177, D178, L242, A243, L244, H245, R246, S247, Y248, L249, T250, P251, G252, D253, S254, S255, S256, G257, W258, T259, A260, G261, A262, A263, A264","136","264","100%","1","1","1","0","1.00","0.04","1.00"
"1417180","CNDPFLGVYYHK","136","147","100%","1","0","0","1","0.00","0.00","0.94"
"1087648","NDPFLGVYYHKNNKSWME","137","154","100%","20","0","0","1","0.00","0.00","0.13"
"1313195","NDPFLGVYYHKNNKS","137","151","100%","53","0","0","2","0.00","0.00","0.07"
"1397373","NDPFLGVYHKNNKS","137","151","93.33%","1","1","1","0","1.00","0.04","1.00"
"1479259","NDPFLGVYYHKN","137","148","100%","1","0","0","1","0.00","0.00","0.94"
"1423289","DPFLGVYYHKNN","138","149","100%","1","1","1","0","1.00","0.04","1.00"
"1334474","PFLGVYYHKNNKSWM","139","153","100%","27","1","1","1","0.04","0.00","0.16"
"1486783","PFLGVYYHKNNK","139","150","100%","1","0","0","1","0.00","0.00","0.94"
"1346803","F140, G142, V143, Y145, H146, N148, N149, W152, E154, F157, A243, L244, H245","140","245","100%","5","5","1","0","1.00","0.55","1.00"
"1334513","F140, Y144","140","144","100%","9","2","1","0","0.22","0.04","0.54"
"1397124","FLGVYYHKNNKSWMESE","140","156","100%","15","4","1","0","0.27","0.10","0.50"
"1434262","FLGVYYHKNNKS","140","151","100%","1","0","0","1","0.00","0.00","0.94"
"1310575","LGVYYHKNNKSWMES","141","155","100%","100","2","2","3","0.02","0.01","0.07"
"1393897","LGVYYHKNNKSWMESEF","141","157","100%","12","1","1","0","0.08","0.00","0.33"
"1392263","LGVYYHKNNKSWMESEFRVY","141","160","100%","1","0","0","1","0.00","0.00","0.94"
"1312630","GVYYHKNNK","142","150","100%","22","1","1","2","0.05","0.00","0.19"
"1445629","GVYYHKNNKSWM","142","153","100%","1","1","1","0","1.00","0.04","1.00"
"1531739","VYYHKNNKSWME","143","154","100%","1","1","1","0","1.00","0.04","1.00"
"1543331","VYYHKNNKSWMESEF","143","157","100%","7","1","1","0","0.14","0.01","0.50"
"1087268","Y144, Y145, H146, K147, K150, W152, H245, R246, S247, Y248, L249","144","249","100%","1","1","1","0","1.00","0.04","1.00"
"1309624","YYHKNNKSWMESEFRVYSSA","144","163","100%","120","1","1","0","0.01","0.00","0.05"
"1328953","YYHKNNKSW","144","152","100%","21","1","1","3","0.05","0.00","0.20"
"1334442","Y144, Y145, H146, K147, K150, W152, R246, S247, Y248, L249, S256","144","256","100%","1","1","1","0","1.00","0.04","1.00"
"1347909","Y144, L242, A243, L244, R246, A570","144","570","100%","1","1","1","0","1.00","0.04","1.00"
"1347908","Y144, L242, A243, L244, R246","144","246","100%","1","1","1","0","1.00","0.04","1.00"
"1347914","Y144, Y145, H146, K147, K150, W152, H245, R246, Y248, L249, T250, P251, G252, S254, S255, S256","144","256","100%","1","1","1","0","1.00","0.04","1.00"
"1347915","Y144, Y145, H146, K147, N148, K150, R246, S247, Y248, L249, T250, P251, G252, D253, S254","144","254","100%","1","1","1","0","1.00","0.04","1.00"
"1347694","Y144","144","144","100%","1","1","1","0","1.00","0.04","1.00"
"1391792","Y144, W152, R246, Y248","144","248","100%","5","5","1","0","1.00","0.55","1.00"
"1391793","Y144, Y145, H146, K147, R246, S247, Y248, L249, T250, P251, G252, S255","144","255","100%","5","5","1","0","1.00","0.55","1.00"
"1397527","Y144, Y145, H146, K147, N148, K150, W152, R246, S247, Y248, L249, T250, P251, D253, S254, S255","144","255","100%","1","1","1","0","1.00","0.04","1.00"
"1539041","YYHKNNKSWMES","144","155","100%","1","1","1","0","1.00","0.04","1.00"
"1087798","YHKNNKSWMESEFRVYSS","145","162","100%","20","0","0","1","0.00","0.00","0.13"
"1313994","YHKNNKSWMESEFRV","145","159","100%","53","1","1","1","0.02","0.00","0.10"
"1391794","Y145, K147, W152, Y248","145","248","100%","5","5","1","0","1.00","0.55","1.00"
"1535090","YHKNNKSWMESE","145","156","100%","1","1","1","0","1.00","0.04","1.00"
"1310474","HKNNKSWMESEFRVY","146","160","100%","27","1","1","1","0.04","0.00","0.16"
"1447351","HKNNKSWMESEF","146","157","100%","1","0","0","1","0.00","0.00","0.94"
"1338978","K147, E484, N501","147","501","100%","1","1","1","0","1.00","0.04","1.00"
"1460701","KNNKSWMESEFR","147","158","100%","1","0","0","1","0.00","0.00","0.94"
"1541084","KNNKSWMESEFRVYS","147","161","100%","7","0","0","1","0.00","0.00","0.33"
"1393956","NNKSWMESEFRVYSSAN","148","164","100%","1","0","0","1","0.00","0.00","0.94"
"1482611","NNKSWMESEFRV","148","159","100%","1","0","0","1","0.00","0.00","0.94"
"1313211","NKSWMESEFRVYSSA","149","163","100%","62","1","1","2","0.02","0.00","0.09"
"1481534","NKSWMESEFRVY","149","160","100%","1","0","0","1","0.00","0.00","0.94"
"1074961","KSWMESEFRVY","150","160","100%","36","5","1","0","0.14","0.06","0.26"
"1462374","KSWMESEFRVYS","150","161","100%","1","0","0","1","0.00","0.00","0.94"
"1310830","SWMESEFRVYSSANN","151","165","100%","42","1","1","2","0.02","0.00","0.10"
"1325190","SWMESEFRVY","151","160","100%","4","1","1","0","0.25","0.01","0.74"
"1333886","SWMESEFRV","151","159","100%","3","1","1","0","0.33","0.01","0.85"
"1392444","SWMESEFRVYSSANNCTFEY","151","170","100%","1","0","0","1","0.00","0.00","0.94"
"1511580","SWMESEFRVYSS","151","162","100%","1","0","0","1","0.00","0.00","0.94"
"1532569","WMESEFRVYSSA","152","163","100%","1","0","0","1","0.00","0.00","0.94"
"1087632","MESEFRVYSSANNCTFEY","153","170","100%","21","1","1","1","0.05","0.00","0.20"
"1313152","MESEFRVYSSANNCT","153","167","100%","53","0","0","2","0.00","0.00","0.07"
"1476062","MESEFRVYSSAN","153","164","100%","1","1","1","0","1.00","0.04","1.00"
"1397111","ESEFRVYSSANNCTFEYV","154","171","100%","15","5","1","0","0.33","0.14","0.57"
"1429804","ESEFRVYSSANN","154","165","100%","1","0","0","1","0.00","0.00","0.94"
"1394042","SEFRVYSSANNCTFEYV","155","171","100%","1","0","0","1","0.00","0.00","0.94"
"1503098","SEFRVYSSANNC","155","166","100%","1","0","0","1","0.00","0.00","0.94"
"1542424","SEFRVYSSANNCTFE","155","169","100%","7","1","1","0","0.14","0.01","0.50"
"1310352","EFRVYSSANNCTFEY","156","170","100%","15","0","0","1","0.00","0.00","0.17"
"1427254","EFRVYSSANNCT","156","167","100%","1","0","0","1","0.00","0.00","0.94"
"1312488","FRVYSSANNCTFEYV","157","171","100%","53","1","1","1","0.02","0.00","0.10"
"1435980","FRVYSSANNCTF","157","168","100%","1","0","0","1","0.00","0.00","0.94"
"1397414","RVYSSANQCTFEYVS","158","172","93.33%","1","1","1","0","1.00","0.04","1.00"
"1075111","VYSSANNCTFEY","159","170","100%","37","13","1","1","0.35","0.22","0.49"
"1327695","VYSSANNCTF","159","168","100%","9","2","1","1","0.22","0.04","0.54"
"1543328","VYSSANNCTFEYVSQ","159","173","100%","7","1","1","0","0.14","0.01","0.50"
"1310820","SSANNCTFEYVSQPF","161","175","100%","108","5","3","3","0.05","0.02","0.10"
"1087731","SSANNCTFEYVSQPFLMD","161","178","100%","20","0","0","1","0.00","0.00","0.13"
"1333782","SSANNCTFEY","161","170","100%","13","6","1","0","0.46","0.22","0.70"
"1392435","SSANNCTFEYVSQPFLMDLE","161","180","100%","1","0","0","1","0.00","0.00","0.94"
"1508891","SSANNCTFEYVSQPFLMDL","161","179","100%","1","1","1","0","1.00","0.04","1.00"
"1324274","SANNCTFEY","162","170","100%","4","2","1","0","0.50","0.10","0.89"
"1394035","SANNCTFEYVSQPFLMD","162","178","100%","12","1","1","0","0.08","0.00","0.33"
"1501813","SANNCTFEYVSQ","162","173","100%","1","0","0","1","0.00","0.00","0.94"
"1411283","ANNCTFEYVSQP","163","174","100%","1","1","1","0","1.00","0.04","1.00"
"1539540","ANNCTFEYVSQPFLM","163","177","100%","7","0","0","1","0.00","0.00","0.33"
"1309536","NNCTFEYVSQPFLMDLEGKQ","164","183","100%","120","1","1","0","0.01","0.00","0.05"
"1482464","NNCTFEYVSQPF","164","175","100%","1","0","0","1","0.00","0.00","0.94"
"1313194","NCTFEYVSQPFLMDL","165","179","100%","63","6","3","1","0.10","0.04","0.19"
"1478989","NCTFEYVSQPFL","165","176","100%","1","0","0","1","0.00","0.00","0.94"
"1309110","CTFEYVSQPFLMDLE","166","180","100%","61","21","4","0","0.34","0.24","0.47"
"1074869","CTFEYVSQPFLM","166","177","100%","36","7","1","0","0.19","0.09","0.33"
"1333951","TFEYVSQPFLM","167","177","100%","7","2","1","0","0.29","0.05","0.64"
"1397507","TFEYVSQPF","167","175","100%","4","0","0","1","0.00","0.00","0.51"
"1330176","TFEYVSQPFLMD","167","178","100%","1","0","0","1","0.00","0.00","0.94"
"1330180","TFEYVSQPFLMDLEG","167","181","100%","7","0","0","1","0.00","0.00","0.33"
"1316355","FEYVSQPFLM","168","177","100%","5","2","1","0","0.40","0.08","0.80"
"1087507","EYVSQPFLMDLEGKQGNF","169","186","100%","20","0","0","1","0.00","0.00","0.13"
"1316287","EYVSQPFLM","169","177","100%","17","2","2","1","0.12","0.02","0.32"
"1312390","EYVSQPFLMDLEGKQ","169","183","100%","62","2","2","1","0.03","0.01","0.11"
"1393760","EYVSQPFLMDLEGKQGN","169","185","100%","1","0","0","1","0.00","0.00","0.94"
"1329375","EYVSQPFLMDLE","169","180","100%","1","0","0","1","0.00","0.00","0.94"
"1310922","VSQPFLMDLEGKQGN","171","185","100%","53","3","2","2","0.06","0.02","0.15"
"1392503","VSQPFLMDLEGKQGNFKNLR","171","190","100%","1","0","0","1","0.00","0.00","0.94"
"1529232","VSQPFLMDLEGK","171","182","100%","1","1","1","0","1.00","0.04","1.00"
"1388968","SQPFLMDLEGKQGNFK","172","187","100%","40","38","1","0","0.95","0.85","0.99"
"1508228","SQPFLMDLEGKQ","172","183","100%","1","0","0","1","0.00","0.00","0.94"
"1313368","QPFLMDLEGKQGNFK","173","187","100%","53","0","0","2","0.00","0.00","0.07"
"1494233","QPFLMDLEGKQG","173","184","100%","1","0","0","1","0.00","0.00","0.94"
"1309546","PFLMDLEGKQGNFKNLREFV","174","193","100%","120","2","1","0","0.02","0.00","0.06"
"1486790","PFLMDLEGKQGN","174","185","100%","1","1","1","0","1.00","0.04","1.00"
"1434429","FLMDLEGKQGNF","175","186","100%","1","1","1","0","1.00","0.04","1.00"
"1540287","FLMDLEGKQGNFKNL","175","189","100%","7","1","1","0","0.14","0.01","0.50"
"1310603","LMDLEGKQGNFKNLR","176","190","100%","86","8","3","1","0.09","0.05","0.17"
"1393903","LMDLEGKQGNFKNLREF","176","192","100%","1","0","0","1","0.00","0.00","0.94"
"1087631","MDLEGKQGNFKNLREFVF","177","194","100%","20","0","0","1","0.00","0.00","0.13"
"1313147","MDLEGKQGNFKNLRE","177","191","100%","53","1","1","1","0.02","0.00","0.10"
"1475895","MDLEGKQGNFKN","177","188","100%","1","0","0","1","0.00","0.00","0.94"
"1465435","LEGKQGNFKNLR","179","190","100%","1","0","0","1","0.00","0.00","0.94"
"1541247","LEGKQGNFKNLREFV","179","193","100%","7","1","1","0","0.14","0.01","0.50"
"1069822","GKQGNFKNLREFVFK","181","195","100%","101","1","1","6","0.01","0.00","0.05"
"1392181","GKQGNFKNLREFVFKNIDGY","181","200","100%","1","0","0","1","0.00","0.00","0.94"
"1406411","G181, K182, N211","181","211","100%","1","1","1","0","1.00","0.04","1.00"
"1441544","GKQGNFKNLREF","181","192","100%","1","0","0","1","0.00","0.00","0.94"
"1394004","QGNFKNLREFVFKNIDG","183","199","100%","1","0","0","1","0.00","0.00","0.94"
"1406413","Q183","183","183","100%","1","1","1","0","1.00","0.04","1.00"
"1542106","QGNFKNLREFVFKNI","183","197","100%","7","0","0","1","0.00","0.00","0.33"
"1309478","GNFKNLREFVFKNIDGYFKI","184","203","100%","120","19","1","0","0.16","0.10","0.23"
"1087652","NFKNLREFVFKNIDGYFK","185","202","100%","20","0","0","1","0.00","0.00","0.13"
"1313201","NFKNLREFVFKNIDG","185","199","100%","53","0","0","2","0.00","0.00","0.07"
"1310403","FKNLREFVFKNIDGY","186","200","100%","15","0","0","1","0.00","0.00","0.17"
"1331958","FKNLREFVF","186","194","100%","6","1","1","0","0.17","0.01","0.56"
"1331959","FKNLREFVFKNIDGYFKIYSKHTPINLVRD","186","215","100%","55","1","1","0","0.02","0.00","0.10"
"1070789","KNLREFVFKNIDGYF","187","201","100%","8","2","1","1","0.25","0.05","0.59"
"1406412","K187, V213, R214","187","214","100%","1","1","1","0","1.00","0.04","1.00"
"1460669","KNLREFVFKNID","187","198","100%","1","0","0","1","0.00","0.00","0.94"
"1313075","LREFVFKNIDGYFKI","189","203","100%","53","0","0","2","0.00","0.00","0.07"
"1471755","LREFVFKNIDGYFKIYSKHTPINLVRD","189","215","100%","1","1","1","0","1.00","0.04","1.00"
"1471754","LREFVFKNIDGY","189","200","100%","1","1","1","0","1.00","0.04","1.00"
"1329996","REFVFKNIDGYFKIYSK","190","206","100%","12","1","1","0","0.08","0.00","0.33"
"1497124","REFVFKNIDGYF","190","201","100%","1","1","1","0","1.00","0.04","1.00"
"1309113","EFVFKNIDGYFKIYS","191","205","100%","87","4","3","2","0.05","0.02","0.11"
"1392127","EFVFKNIDGYFKIYSKHTPI","191","210","100%","1","0","0","1","0.00","0.00","0.94"
"1329331","EFVFKNIDGYFK","191","202","100%","1","0","0","1","0.00","0.00","0.94"
"1074900","FVFKNIDGY","192","200","100%","40","4","2","0","0.10","0.03","0.21"
"1437216","FVFKNIDGYFKI","192","203","100%","1","1","1","0","1.00","0.04","1.00"
"1087770","VFKNIDGYFKIYSKHTPI","193","210","100%","20","0","0","1","0.00","0.00","0.13"
"1326409","VFKNIDGYF","193","201","100%","16","3","3","0","0.19","0.05","0.41"
"1313847","VFKNIDGYFKIYSKH","193","207","100%","53","0","0","2","0.00","0.00","0.07"
"1309470","FKNIDGYFKIYSKHTPINLV","194","213","100%","120","3","1","0","0.03","0.01","0.07"
"1433939","FKNIDGYFKIYS","194","205","100%","1","1","1","0","1.00","0.04","1.00"
"1541079","KNIDGYFKIYSKHTP","195","209","100%","7","0","0","1","0.00","0.00","0.33"
"1310664","NIDGYFKIYSKHTPI","196","210","100%","26","6","2","0","0.23","0.10","0.40"
"1312689","IDGYFKIYSKHTPIN","197","211","100%","62","2","1","2","0.03","0.01","0.11"
"1393831","IDGYFKIYSKHTPINLV","197","213","100%","1","0","0","1","0.00","0.00","0.94"
"1449978","IDGYFKIYSKHT","197","208","100%","1","0","0","1","0.00","0.00","0.94"
"1330432","DGYFKIYSKHTPINL","198","212","100%","15","5","1","0","0.33","0.14","0.57"
"1421312","DGYFKIYSKHTP","198","209","100%","1","0","0","1","0.00","0.00","0.94"
"1329533","GYFKIYSKHTPI","199","210","100%","1","0","0","1","0.00","0.00","0.94"
"1540648","GYFKIYSKHTPINLV","199","213","100%","7","0","0","1","0.00","0.00","0.33"
"1534471","YFKIYSKHTPIN","200","211","100%","1","0","0","1","0.00","0.00","0.94"
"1310401","FKIYSKHTPINLVRD","201","215","100%","106","5","3","3","0.05","0.02","0.11"
"1087514","FKIYSKHTPINLVRDLPQ","201","218","100%","20","0","0","1","0.00","0.00","0.13"
"1392150","FKIYSKHTPINLVRDLPQGF","201","220","100%","1","0","0","1","0.00","0.00","0.94"
"1319559","KIYSKHTPI","202","210","100%","5","1","1","0","0.20","0.01","0.64"
"1459267","KIYSKHTPINLV","202","213","100%","1","0","0","1","0.00","0.00","0.94"
"1074945","IYSKHTPINL","203","212","100%","36","8","1","0","0.22","0.11","0.36"
"1540918","IYSKHTPINLVRDLP","203","217","100%","7","1","1","0","0.14","0.01","0.50"
"1309621","YSKHTPINLVRDLPQGFSAL","204","223","100%","120","2","1","0","0.02","0.00","0.06"
"1394175","YSKHTPINLVRDLPQGF","204","220","100%","1","0","0","1","0.00","0.00","0.94"
"1537623","YSKHTPINLVRD","204","215","100%","1","0","0","1","0.00","0.00","0.94"
"1072807","SKHTPINLVRDLPQG","205","219","100%","17","6","2","2","0.35","0.17","0.57"
"1505607","SKHTPINLVRDL","205","216","100%","1","0","0","1","0.00","0.00","0.94"
"1309123","KHTPINLVRDLPQGF","206","220","100%","58","3","2","1","0.05","0.02","0.14"
"1458857","KHTPINLVRDLP","206","217","100%","1","0","0","1","0.00","0.00","0.94"
"1329551","HTPINLVRDLPQ","207","218","100%","1","0","0","1","0.00","0.00","0.94"
"1329552","HTPINLVRDLPQGF","207","220","100%","1","1","1","0","1.00","0.04","1.00"
"1540724","HTPINLVRDLPQGFS","207","221","100%","7","0","0","1","0.00","0.00","0.33"
"1075079","TPINLVRDL","208","216","100%","65","3","3","2","0.05","0.02","0.13"
"1330220","TPINLVRDLPQG","208","219","100%","1","0","0","1","0.00","0.00","0.94"
"1087680","PINLVRDLPQGFSALEPL","209","226","100%","1","1","1","0","1.00","0.04","1.00"
"1313285","PINLVRDLPQGFSAL","209","223","100%","12","3","2","1","0.25","0.07","0.52"
"1313286","PINLVRDLPQGFWAL","209","223","93.33%","1","1","1","0","1.00","0.04","1.00"
"1071585","NLVRDLPQGFSALEP","211","225","100%","86","5","3","3","0.06","0.03","0.13"
"1393954","NLVRDLPQGFSALEPLV","211","227","100%","2","1","1","1","0.50","0.02","0.97"
"1392328","NLVRDLPQGFSALEPLVDLP","211","230","100%","1","1","1","0","1.00","0.04","1.00"
"1482187","NLVRDLPQGFSA","211","222","100%","1","1","1","0","1.00","0.04","1.00"
"1474503","LVRDLPQGFSAL","212","223","100%","1","0","0","1","0.00","0.00","0.94"
"1313917","VRDLPQGFSALEPLV","213","227","100%","53","0","0","2","0.00","0.00","0.07"
"1406414","V213, R214","213","214","100%","1","1","1","0","1.00","0.04","1.00"
"1528359","VRDLPQGFSALE","213","224","100%","1","0","0","1","0.00","0.00","0.94"
"1309567","RDLPQGFSALEPLVDLPIGI","214","233","100%","120","2","1","0","0.02","0.00","0.06"
"1496938","RDLPQGFSALEP","214","225","100%","1","0","0","1","0.00","0.00","0.94"
"1422541","DLPQGFSALEPL","215","226","100%","1","1","1","0","1.00","0.04","1.00"
"1539917","DLPQGFSALEPLVDL","215","229","100%","7","1","1","0","0.14","0.01","0.50"
"1310612","LPQGFSALEPLVDLP","216","230","100%","24","3","2","0","0.13","0.03","0.28"
"1074981","LPQGFSAL","216","223","100%","53","6","3","1","0.11","0.05","0.23"
"1332697","LPQGFSALEPL","216","226","100%","7","1","1","0","0.14","0.01","0.50"
"1071794","PQGFSALEPLVDLPI","217","231","100%","54","0","0","3","0.00","0.00","0.07"
"1087686","PQGFSALEPLVDLPIGIN","217","234","100%","20","0","0","1","0.00","0.00","0.13"
"1489300","PQGFSALEPLVD","217","228","100%","1","1","1","0","1.00","0.04","1.00"
"1394003","QGFSALEPLVDLPIGIN","218","234","100%","1","0","0","1","0.00","0.00","0.94"
"1492477","QGFSALEPLVDL","218","229","100%","1","0","0","1","0.00","0.00","0.94"
"1392174","GFSALEPL","219","226","100%","1","1","1","0","1.00","0.04","1.00"
"1440005","GFSALEPLVDLP","219","230","100%","1","1","1","0","1.00","0.04","1.00"
"1540450","GFSALEPLVDLPIGI","219","233","100%","7","1","1","0","0.14","0.01","0.50"
"1436008","FSALEPLVDLPI","220","231","100%","1","1","1","0","1.00","0.04","1.00"
"1310785","SALEPLVDLPIGINI","221","235","100%","97","3","2","3","0.03","0.01","0.09"
"1388073","SALEPLVDLPIGINITRFQTLLALH","221","245","100%","1","1","1","0","1.00","0.04","1.00"
"1392412","SALEPLVDLPIGINITRFQT","221","240","100%","1","1","1","0","1.00","0.04","1.00"
"1074967","LEPLVDLPI","223","231","100%","36","1","1","0","0.03","0.00","0.12"
"1541254","LEPLVDLPIGINITR","223","237","100%","7","1","1","0","0.14","0.01","0.50"
"1309462","EPLVDLPIGINITRFQTLLA","224","243","100%","120","9","1","0","0.08","0.04","0.14"
"1315940","EPLVDLPI","224","231","100%","4","1","1","0","0.25","0.01","0.74"
"1429207","EPLVDLPIGINI","224","235","100%","1","0","0","1","0.00","0.00","0.94"
"1087683","PLVDLPIGINITRFQTLL","225","242","100%","20","0","0","1","0.00","0.00","0.13"
"1313291","PLVDLPIGINITRFQ","225","239","100%","53","1","1","1","0.02","0.00","0.10"
"1393986","PLVDLPIGINITRFQTL","225","241","100%","1","0","0","1","0.00","0.00","0.94"
"1310625","LVDLPIGINITRFQT","226","240","100%","13","0","0","1","0.00","0.00","0.20"
"1474019","LVDLPIGINITR","226","237","100%","1","1","1","0","1.00","0.04","1.00"
"1397452","VDLPIGIQITRFQTL","227","242","93.33%","1","1","1","0","1.00","0.04","1.00"
"1543029","VDLPIGINITRFQTL","227","241","100%","7","0","0","1","0.00","0.00","0.33"
"1074872","DLPIGINITRFQTL","228","241","100%","36","4","1","0","0.11","0.04","0.23"
"1321058","LPIGINITRF","229","238","100%","5","1","1","0","0.20","0.01","0.64"
"1313051","LPIGINITRFQTLLA","229","243","100%","53","1","1","1","0.02","0.00","0.10"
"1470841","LPIGINITRFQT","229","240","100%","1","0","0","1","0.00","0.00","0.94"
"1392354","PIGINITRF","230","238","100%","1","1","1","0","1.00","0.04","1.00"
"1310487","IGINITRFQTLLALH","231","245","100%","51","4","3","1","0.08","0.03","0.19"
"1392217","IGINITRFQTLLALHRSYLT","231","250","100%","1","1","1","0","1.00","0.04","1.00"
"1354273","GINITRFQTLLALHRSY","232","248","100%","2","1","1","1","0.50","0.02","0.97"
"1441126","GINITRFQTLLA","232","243","100%","1","1","1","0","1.00","0.04","1.00"
"1087562","INITRFQTLLALHRSYLT","233","250","100%","20","0","0","1","0.00","0.00","0.13"
"1318821","INITRFQTL","233","241","100%","5","1","1","0","0.20","0.01","0.64"
"1312746","INITRFQTLLALHRS","233","247","100%","53","1","1","1","0.02","0.00","0.10"
"1309534","NITRFQTLLALHRSYLTPGD","234","253","100%","120","1","1","0","0.01","0.00","0.05"
"1322395","NITRFQTL","234","241","100%","5","1","1","0","0.20","0.01","0.64"
"1310513","ITRFQTLLALHRSYL","235","249","100%","47","25","3","0","0.53","0.40","0.65"
"1455312","ITRFQTLLALHR","235","246","100%","1","0","0","1","0.00","0.00","0.94"
"1310865","TRFQTLLALHRSYLT","236","250","100%","28","11","4","0","0.39","0.24","0.56"
"1518333","TRFQTLLALHRS","236","247","100%","1","0","0","1","0.00","0.00","0.94"
"1313423","RFQTLLALHRSYLTP","237","251","100%","53","0","0","2","0.00","0.00","0.07"
"1497442","RFQTLLALHRSY","237","248","100%","1","0","0","1","0.00","0.00","0.94"
"1435744","FQTLLALHRSYL","238","249","100%","1","0","0","1","0.00","0.00","0.94"
"1394016","QTLLALHRSYLTPGDSS","239","255","100%","16","6","1","1","0.38","0.18","0.60"
"1495508","QTLLALHRSYLT","239","250","100%","1","0","0","1","0.00","0.00","0.94"
"1542193","QTLLALHRSYLTPGD","239","253","100%","7","1","1","0","0.14","0.01","0.50"
"1075077","TLLALHRSYLTPGDSSSGWTAGAAAYYVGYLQPRTFLLKYNEN","240","282","100%","4","2","1","0","0.50","0.10","0.89"
"1310592","LLALHRSYLTPGDSS","241","255","100%","86","3","1","3","0.03","0.01","0.10"
"1074974","LLALHRSYL","241","249","100%","36","4","1","0","0.11","0.04","0.23"
"1087612","LLALHRSYLTPGDSSSGW","241","258","100%","20","0","0","1","0.00","0.00","0.13"
"1384629","LLALHRSYLTPGDSSS","241","256","100%","40","39","1","0","0.98","0.89","1.00"
"1392269","LLALHRSYLTPGDSSSGWTA","241","260","100%","1","0","0","1","0.00","0.00","0.94"
"1468599","LLALHRSYLTPG","241","252","100%","1","0","0","1","0.00","0.00","0.94"
"1347906","L242, A243, L244, E484","242","484","100%","20","1","1","0","0.05","0.00","0.21"
"1397520","L242, A243, L244","242","244","100%","10","6","1","0","0.60","0.30","0.84"
"1464013","LALHRSYLTPGD","242","253","100%","1","1","1","0","1.00","0.04","1.00"
"1464014","LALHRSYLTPGDSSSGWT","242","259","100%","1","1","1","0","1.00","0.04","1.00"
"1334452","ALHRSYLTPGDSSSG","243","257","100%","27","5","1","1","0.19","0.07","0.34"
"1410282","ALHRSYLTPGDS","243","254","100%","1","0","0","1","0.00","0.00","0.94"
"1309515","LHRSYLTPGDSSSGWTAGAA","244","263","100%","120","0","0","1","0.00","0.00","0.03"
"1467213","LHRSYLTPGDSS","244","255","100%","1","0","0","1","0.00","0.00","0.94"
"1312663","HRSYLTPGDSSSGWT","245","259","100%","53","0","0","2","0.00","0.00","0.07"
"1448101","HRSYLTPGDSSS","245","256","100%","1","1","1","0","1.00","0.04","1.00"
"1310775","RSYLTPGDSSSGWTA","246","260","100%","13","0","0","1","0.00","0.00","0.20"
"1394031","RSYLTPGDSSSGWTAGA","246","262","100%","1","0","0","1","0.00","0.00","0.94"
"1511886","SYLTPGDSSSGW","247","258","100%","1","1","1","0","1.00","0.04","1.00"
"1542656","SYLTPGDSSSGWTAG","247","261","100%","7","1","1","0","0.14","0.01","0.50"
"1391530","YLTPGDSSSGWTAGAAAYYV","248","267","100%","4","4","2","0","1.00","0.47","1.00"
"1536271","YLTPGDSSSGWT","248","259","100%","1","1","1","0","1.00","0.04","1.00"
"1087626","LTPGDSSSGWTAGAAAYY","249","266","100%","20","0","0","1","0.00","0.00","0.13"
"1313106","LTPGDSSSGWTAGAA","249","263","100%","53","0","0","2","0.00","0.00","0.07"
"1473607","LTPGDSSSGWTA","249","260","100%","1","1","1","0","1.00","0.04","1.00"
"1517549","TPGDSSSGWTAG","250","261","100%","1","1","1","0","1.00","0.04","1.00"
"1310714","PGDSSSGWTAGAAAY","251","265","100%","43","0","0","3","0.00","0.00","0.06"
"1392352","PGDSSSGWTAGAAAYYVGYL","251","270","100%","1","1","1","0","1.00","0.04","1.00"
"1312333","DSSSGWTAGAAAYYV","253","267","100%","53","0","0","2","0.00","0.00","0.07"
"1393736","DSSSGWTAGAAAYYVGY","253","269","100%","1","0","0","1","0.00","0.00","0.94"
"1424271","DSSSGWTAGAAA","253","264","100%","1","1","1","0","1.00","0.04","1.00"
"1309585","SSSGWTAGAAAYYVGYLQPR","254","273","100%","120","1","1","0","0.01","0.00","0.05"
"1509161","SSGWTAGAAAYY","255","266","100%","1","1","1","0","1.00","0.04","1.00"
"1542581","SSGWTAGAAAYYVGY","255","269","100%","7","0","0","1","0.00","0.00","0.33"
"1310800","SGWTAGAAAYYVGYL","256","270","100%","16","0","0","1","0.00","0.00","0.16"
"1504613","SGWTAGAAAYYV","256","267","100%","1","0","0","1","0.00","0.00","0.94"
"1087542","GWTAGAAAYYVGYLQPRT","257","274","100%","21","1","1","1","0.05","0.00","0.20"
"1312633","GWTAGAAAYYVGYLQ","257","271","100%","53","0","0","2","0.00","0.00","0.07"
"1075117","WTAGAAAYYVGY","258","269","100%","37","5","1","1","0.14","0.05","0.26"
"1327824","WTAGAAAYY","258","266","100%","13","3","1","1","0.23","0.07","0.48"
"1542664","TAGAAAYYVGYLQPR","259","273","100%","7","0","0","1","0.00","0.00","0.33"
"1393677","AGAAAYYVGYLQPRTFL","260","276","100%","1","0","0","1","0.00","0.00","0.94"
"1310431","GAAAYYVGYLQPRTF","261","275","100%","89","1","1","3","0.01","0.00","0.06"
"1317282","GAAAYYVGY","261","269","100%","4","1","1","0","0.25","0.01","0.74"
"1380826","GAAAYYVGYLQPRTFLLKYNENGTI","261","285","100%","1","1","1","0","1.00","0.04","1.00"
"1392166","GAAAYYVGYLQPRTFLLKYN","261","280","100%","1","1","1","0","1.00","0.04","1.00"
"1392167","GAAAYYVGYLQPRTFLLKYNENGTITDAVDCALDPLSET","261","299","100%","19","2","1","0","0.11","0.02","0.29"
"1438183","GAAAYYVGYLQP","261","272","100%","1","0","0","1","0.00","0.00","0.94"
"1406475","AAAYYVGYLQPR","262","273","100%","1","0","0","1","0.00","0.00","0.94"
"1309656","AAYYVGYL","263","270","100%","6","6","2","0","1.00","0.61","1.00"
"1334450","AAYYVGYLQPRTF","263","275","100%","20","3","1","0","0.15","0.04","0.33"
"1407068","AAYYVGYLQPRT","263","274","100%","1","0","0","1","0.00","0.00","0.94"
"1539375","AAYYVGYLQPRTFLL","263","277","100%","7","0","0","1","0.00","0.00","0.33"
"1309442","AYYVGYLQPRTFLLKYNENG","264","283","100%","120","1","1","0","0.01","0.00","0.05"
"1309673","AYYVGYLQP","264","272","100%","5","5","1","0","1.00","0.55","1.00"
"1414828","AYYVGYLQPRTF","264","275","100%","1","0","0","1","0.00","0.00","0.94"
"1075131","YYVGYLQPRTFLL","265","277","100%","36","16","1","0","0.44","0.30","0.59"
"1087815","YYVGYLQPRTFLLKYNEN","265","282","100%","20","0","0","1","0.00","0.00","0.13"
"1329031","YYVGYLQPRTF","265","275","100%","9","3","1","1","0.33","0.10","0.64"
"1314078","YYVGYLQPRTFLLKY","265","279","100%","53","1","1","1","0.02","0.00","0.10"
"1310979","YVGYLQPRTFLLKYN","266","280","100%","23","2","1","1","0.09","0.02","0.24"
"1334183","VGYLQPRTFL","267","276","100%","4","1","1","0","0.25","0.01","0.74"
"1394118","VGYLQPRTFLLKYNENG","267","283","100%","1","0","0","1","0.00","0.00","0.94"
"1334182","VGYLQPRTF","267","275","100%","1","0","0","1","0.00","0.00","0.94"
"1543106","VGYLQPRTFLLKYNE","267","281","100%","7","1","1","0","0.14","0.01","0.50"
"1317916","GYLQPRTFLL","268","277","100%","4","1","1","0","0.25","0.01","0.74"
"1392203","GYLQPRTF","268","275","100%","1","1","1","0","1.00","0.04","1.00"
"1547648","GYLQPRTFL","268","276","100%","8","1","1","0","0.13","0.01","0.46"
"1309147","YLQPRTFLL","269","277","100%","389","233","16","1","0.60","0.55","0.65"
"1314014","YLQPRTFLLKYNENG","269","283","100%","53","0","0","2","0.00","0.00","0.07"
"1346790","YFQPRTFLL","269","278","88.89%","35","6","1","0","0.17","0.08","0.30"
"1392531","YLQPRTF","269","275","100%","1","0","0","1","0.00","0.00","0.94"
"1072010","QPRTFLLKYNENGTI","271","285","100%","44","1","1","3","0.02","0.00","0.10"
"1392385","QPRTFLLKYNENGTITDAVD","271","290","100%","1","0","0","1","0.00","0.00","0.94"
"1397183","PRTFLLKYNENGTITDA","272","288","100%","15","6","1","0","0.40","0.19","0.63"
"1489699","PRTFLLKYNENG","272","283","100%","1","0","0","1","0.00","0.00","0.94"
"1087714","RTFLLKYNENGTITDAVD","273","290","100%","20","0","0","1","0.00","0.00","0.13"
"1313495","RTFLLKYNENGTITD","273","287","100%","53","1","1","1","0.02","0.00","0.10"
"1333392","RTFLLKYNENGTITDAVDCALDPLSETKCT","273","302","100%","64","1","1","0","0.02","0.00","0.08"
"1309592","TFLLKYNENGTITDAVDCAL","274","293","100%","120","3","1","0","0.03","0.01","0.07"
"1394092","TFLLKYNENGTITDAVD","274","290","100%","1","0","0","1","0.00","0.00","0.94"
"1434386","FLLKYNENGTITDAV","275","289","100%","8","2","2","0","0.25","0.05","0.59"
"1310597","LLKYNENGTITDAVD","276","290","100%","16","0","0","1","0.00","0.00","0.16"
"1071263","LKYNENGTITDAVDC","277","291","100%","54","1","1","2","0.02","0.00","0.10"
"1463497","KYNENGTITDAVDCALDPLS","278","297","100%","1","1","1","0","1.00","0.04","1.00"
"1543494","YNENGTITDAVDCAL","279","293","100%","7","0","0","1","0.00","0.00","0.33"
"1392568","N280","280","280","100%","1","1","1","0","1.00","0.04","1.00"
"1310367","ENGTITDAVDCALDP","281","295","100%","89","1","1","3","0.01","0.00","0.06"
"1087498","ENGTITDAVDCALDPLSE","281","298","100%","20","0","0","1","0.00","0.00","0.13"
"1393752","ENGTITDAVDCALDPLS","281","297","100%","1","0","0","1","0.00","0.00","0.94"
"1392138","ENGTITDAVDCALDPLSETK","281","300","100%","1","0","0","1","0.00","0.00","0.94"
"1392139","ENGTITDAVDCALDPLSETKCTLKSFTVEKGIYQTSNFR","281","319","100%","19","3","1","0","0.16","0.04","0.35"
"1540603","GTITDAVDCALDPLS","283","297","100%","7","1","1","0","0.14","0.01","0.50"
"1309593","TITDAVDCALDPLSETKCTL","284","303","100%","120","4","1","0","0.03","0.01","0.08"
"1312780","ITDAVDCALDPLSET","285","299","100%","53","2","1","1","0.04","0.01","0.13"
"1310834","TDAVDCALDPLSETK","286","300","100%","16","0","0","1","0.00","0.00","0.16"
"1391827","DAVDCALDPLSETKCTLKSFTVEKGIYQTSN","287","317","100%","15","0","0","1","0.00","0.00","0.17"
"1397264","DAVDCALDPLSETKCTLKS","287","305","100%","1","0","0","1","0.00","0.00","0.94"
"1539796","DAVDCALDPLSETKC","287","301","100%","7","2","1","0","0.29","0.05","0.64"
"1393699","AVDCALDPLSETKCTLK","288","304","100%","1","0","0","1","0.00","0.00","0.94"
"1087768","VDCALDPLSETKCTLKSF","289","306","100%","20","0","0","1","0.00","0.00","0.13"
"1313838","VDCALDPLSETKCTL","289","303","100%","53","1","1","1","0.02","0.00","0.10"
"1390229","VDCALDPLSETKCTLKS","289","305","100%","1","1","1","0","1.00","0.04","1.00"
"1390228","VDCALDPLSETKCTLK","289","304","100%","40","34","1","0","0.85","0.73","0.93"
"1378352","DCALDPLSETKCTLKS","290","305","100%","40","36","1","0","0.90","0.79","0.96"
"1310302","CALDPLSETKCTLKS","291","305","100%","43","1","1","2","0.02","0.00","0.10"
"1074866","CALDPLSETK","291","300","100%","36","2","1","0","0.06","0.01","0.16"
"1392065","CALDPLSETKCTLKSFTVEK","291","310","100%","1","0","0","1","0.00","0.00","0.94"
"1314425","ALDPLSETK","292","300","100%","12","1","1","1","0.08","0.00","0.33"
"1311393","LDPLSET","293","299","100%","1","1","1","0","1.00","0.04","1.00"
"1312959","LDPLSETKCTLKSFT","293","307","100%","53","1","1","1","0.02","0.00","0.10"
"1309450","DPLSETKCTLKSFTVEKGIY","294","313","100%","120","1","1","0","0.01","0.00","0.05"
"1071785","PLSETKCTLKSFTVE","295","309","100%","8","2","1","1","0.25","0.05","0.59"
"1393985","PLSETKCTLKSFTVEKG","295","311","100%","1","0","0","1","0.00","0.00","0.94"
"1488457","PLSETKCTLKSF","295","306","100%","1","0","0","1","0.00","0.00","0.94"
"1310618","LSETKCTLKSFTVEK","296","310","100%","16","0","0","1","0.00","0.00","0.16"
"1075045","SETKCTLKSFTVEK","297","310","100%","36","5","1","0","0.14","0.06","0.26"
"1087719","SETKCTLKSFTVEKGIYQ","297","314","100%","21","1","1","1","0.05","0.00","0.20"
"1324353","SETKCTLKSF","297","306","100%","5","2","1","0","0.40","0.08","0.80"
"1313542","SETKCTLKSFTVEKG","297","311","100%","53","0","0","2","0.00","0.00","0.07"
"1316068","ETKCTLKSF","298","306","100%","4","1","1","0","0.25","0.01","0.74"
"1515550","TKCTLKSFTVEK","299","310","100%","1","0","0","1","0.00","0.00","0.94"
"1542799","TKCTLKSFTVEKGIY","299","313","100%","7","0","0","1","0.00","0.00","0.33"
"1457063","KCTLKSFTVEKG","300","311","100%","1","1","1","0","1.00","0.04","1.00"
"1069290","CTLKSFTVEKGIYQT","301","315","100%","90","1","1","4","0.01","0.00","0.06"
"1392094","CTLKSFTVEKGIYQTSNFRV","301","320","100%","1","0","0","1","0.00","0.00","0.94"
"1392095","CTLKSFTVEKGIYQTSNFRVQPTESIVRFPNITNLCPFG","301","339","100%","19","2","1","0","0.11","0.02","0.29"
"1418312","CTLKSFTVEKGI","301","312","100%","1","0","0","1","0.00","0.00","0.94"
"1313756","TLKSFTVEK","302","310","100%","18","0","0","2","0.00","0.00","0.15"
"1330211","TLKSFTVEKGIYQTSNF","302","318","100%","1","0","0","1","0.00","0.00","0.94"
"1330518","LKSFTVEKGIYQ","303","314","100%","1","0","0","1","0.00","0.00","0.94"
"1329685","LKSFTVEKGIYQTSN","303","317","100%","7","1","1","0","0.14","0.01","0.50"
"1309505","KSFTVEKGIYQTSNFRVQPT","304","323","100%","120","3","1","0","0.03","0.01","0.07"
"1391998","K304, S371, N388","304","388","100%","1","1","1","0","1.00","0.04","1.00"
"1087720","SFTVEKGIYQTSNFRVQP","305","322","100%","21","1","1","1","0.05","0.00","0.20"
"1313550","SFTVEKGIYQTSNFR","305","319","100%","53","0","0","2","0.00","0.00","0.07"
"1310423","FTVEKGIYQTSNFRV","306","320","100%","27","2","2","0","0.07","0.01","0.21"
"1380761","FTVEKGIYQTSNFRVQ","306","321","100%","40","40","1","0","1.00","0.93","1.00"
"1073495","TVEKGIYQTSNFRVQ","307","321","100%","8","1","1","1","0.13","0.01","0.46"
"1312359","EKGIYQTSNFRVQPT","309","323","100%","53","1","1","1","0.02","0.00","0.10"
"1393747","EKGIYQTSNFRVQPTES","309","325","100%","1","0","0","1","0.00","0.00","0.94"
"1310445","GIYQTSNFRVQPTES","311","325","100%","43","2","1","2","0.05","0.01","0.13"
"1392177","GIYQTSNF","311","318","100%","1","0","0","1","0.00","0.00","0.94"
"1392178","GIYQTSNFRVQPTESIVRFP","311","330","100%","1","0","0","1","0.00","0.00","0.94"
"1547148","GIYQTSNFR","311","319","100%","8","0","0","1","0.00","0.00","0.30"
"1319328","IYQTSNFRV","312","320","100%","16","3","2","1","0.19","0.05","0.41"
"1087812","YQTSNFRVQPTESIVRFP","313","330","100%","21","1","1","1","0.05","0.00","0.20"
"1314036","YQTSNFRVQPTESIV","313","327","100%","53","1","1","1","0.02","0.00","0.10"
"1537200","YQTSNFRVQPTESIVRFPN","313","331","100%","1","1","1","0","1.00","0.04","1.00"
"1309565","QTSNFRVQPTESIVRFPNIT","314","333","100%","120","0","0","1","0.00","0.00","0.03"
"1495586","QTSNFRVQPTES","314","325","100%","1","0","0","1","0.00","0.00","0.94"
"1397216","TSNFRVQPTESIVRF","315","329","100%","22","4","1","1","0.18","0.06","0.36"
"1518929","TSNFRVQPTESI","315","326","100%","1","0","0","1","0.00","0.00","0.94"
"1310814","SNFRVQPTESIVRFP","316","330","100%","27","2","2","0","0.07","0.01","0.21"
"1394062","SNFRVQPTESIVRFPNI","316","332","100%","1","0","0","1","0.00","0.00","0.94"
"1542532","SNFRVQPTESIVRFPNITNL","316","335","100%","1","1","1","0","1.00","0.04","1.00"
"1313203","NFRVQPTESIVRFPN","317","331","100%","63","3","3","1","0.05","0.02","0.13"
"1333410","RVQPTESIVRF","319","329","100%","7","1","1","0","0.14","0.01","0.50"
"1542357","RVQPTESIVRFPNIT","319","333","100%","7","0","0","1","0.00","0.00","0.33"
"1075108","VQPTESIVRFPNITNLCPF","320","338","100%","36","9","1","0","0.25","0.14","0.39"
"1310745","QPTESIVRFPNITNL","321","335","100%","108","8","3","4","0.07","0.04","0.14"
"1323461","QPTESIVRF","321","329","100%","6","2","2","0","0.33","0.06","0.71"
"1087696","QPTESIVRFPNITNLCPF","321","338","100%","20","0","0","1","0.00","0.00","0.13"
"1392386","QPTESIVRFPNITNLCPFGE","321","340","100%","1","0","0","1","0.00","0.00","0.94"
"1325420","TESIVRFPNITNL","323","335","100%","5","2","1","0","0.40","0.08","0.80"
"1394091","TESIVRFPNITNLCPFG","323","339","100%","1","0","0","1","0.00","0.00","0.94"
"1513577","TESIVRFPNITN","323","334","100%","1","0","0","1","0.00","0.00","0.94"
"1542722","TESIVRFPNITNLCP","323","337","100%","7","1","1","0","0.14","0.01","0.50"
"1309463","ESIVRFPNITNLCPFGEVFN","324","343","100%","120","0","0","1","0.00","0.00","0.03"
"1313572","SIVRFPNITNLCPFG","325","339","100%","67","2","1","3","0.03","0.01","0.10"
"1310515","IVRFPNITNLCPFGE","326","340","100%","32","3","2","1","0.09","0.02","0.22"
"70718","VRFPNITNL","327","335","100%","12","0","0","2","0.00","0.00","0.21"
"1543232","VRFPNITNLCPFGEV","327","341","100%","7","3","1","0","0.43","0.13","0.76"
"1323786","RFPNITNLCPF","328","338","100%","9","1","1","1","0.11","0.00","0.41"
"531734","FPNITNLCPFGEVFN","329","343","100%","61","4","2","2","0.07","0.03","0.16"
"1087518","FPNITNLCPFGEVFNATR","329","346","100%","20","0","0","1","0.00","0.00","0.13"
"1333092","PNITNLCPFGEVFNATRFASVYAWNRKRIS","330","359","100%","55","1","1","0","0.02","0.00","0.10"
"1393988","PNITNLCPFGEVFNATR","330","346","100%","1","0","0","1","0.00","0.00","0.94"
"1386781","PNITNLCPFGEVFNATRFAS","330","349","100%","1","1","1","0","1.00","0.04","1.00"
"1310666","NITNLCPFGEVFNAT","331","345","100%","48","0","0","4","0.00","0.00","0.06"
"1392325","NITNLCPFGEVFNATRFASV","331","350","100%","1","0","0","1","0.00","0.00","0.94"
"1393662","I332, L335, C336, P337, F338, G339, E340, F342, N343, D364, L368, K529","332","529","100%","1","1","1","0","1.00","0.04","1.00"
"1313768","TNLCPFGEVFNATRF","333","347","100%","58","1","1","2","0.02","0.00","0.09"
"1310987","N334, L335, P337, G339, E340, N343, A344, T345, R346, K356, R357, S359, N360, C361, L441","334","441","100%","1","1","1","0","1.00","0.04","1.00"
"1309535","NLCPFGEVFNATRFASVYAW","334","353","100%","120","2","1","0","0.02","0.00","0.06"
"1311772","NLCPF","334","338","100%","1","1","1","0","1.00","0.04","1.00"
"1311245","N334, L335, P337, G339, E340, N343, A344, T345, R346, K356, R357, S359, C361, L441","334","441","100%","42","29","1","0","0.69","0.55","0.80"
"1346818","N334, L335, P337, G339, E340, N343, A344, T345, K356, R357, S359, C361, N440, L441","334","441","100%","1","1","1","0","1.00","0.04","1.00"
"1464616","LCPFGEVFNATR","335","346","100%","1","0","0","1","0.00","0.00","0.94"
"1541217","LCPFGEVFNATRFAS","335","349","100%","7","0","0","1","0.00","0.00","0.33"
"1310312","CPFGEVFNATRFASV","336","350","100%","32","4","2","1","0.13","0.04","0.26"
"1539742","CPFGEVFNATRFASVYAWNR","336","355","100%","1","1","1","0","1.00","0.04","1.00"
"1417489","CPFGEVFNATRF","336","347","100%","1","0","0","1","0.00","0.00","0.94"
"1087675","PFGEVFNATRFASVYAWN","337","354","100%","20","0","0","1","0.00","0.00","0.13"
"1313277","PFGEVFNATRFASVY","337","351","100%","58","6","2","1","0.10","0.05","0.21"
"1393980","PFGEVFNATRFASVYAW","337","353","100%","1","0","0","1","0.00","0.00","0.94"
"1486732","PFGEVFNATRFA","337","348","100%","1","1","1","0","1.00","0.04","1.00"
"1074885","FGEVFNATRFASVY","338","351","100%","36","3","1","0","0.08","0.02","0.20"
"1338772","F338, F342, A363, D364, Y365, S366, V367, L368, Y369, N370, S371, F374, T376, F377, K378, C379, Y380, S383, P384, T385, L387, N388, R403, K417, Y449, Y453, L455, I472, V483, E484, G485, F486, C488, Y489, F490, Q493, S494, Y495, G496, N501, G502, Y505","338","505","100%","1","1","1","0","1.00","0.04","1.00"
"1338773","F338, F342, A363, Y365, S366, V367, L368, Y369, N370, S371, F374, F377, K378, C379, Y380, S383, P384, T385, K386, L387, N388, K528, K529, S530","338","530","100%","1","1","1","0","1.00","0.04","1.00"
"1392147","FGEVFNATRFASVYA","338","352","100%","16","3","1","1","0.19","0.05","0.41"
"1432822","FGEVFNATRFAS","338","349","100%","1","0","0","1","0.00","0.00","0.94"
"1317333","GEVFNATRF","339","347","100%","5","1","1","0","0.20","0.01","0.64"
"1540437","GEVFNATRFASVYAW","339","353","100%","7","1","1","0","0.14","0.01","0.50"
"1316109","EVFNATRFASVY","340","351","100%","5","1","1","1","0.20","0.01","0.64"
"1539325","E340, V341, N343, T345, R346, F347, A348, Y351, N354, K356, L441, Y449, N450, R466, I468, T470, N481, G482, V483, E484, F490","340","490","100%","1","1","1","0","1.00","0.04","1.00"
"1310886","VFNATRFASVYAWNR","341","355","100%","106","8","3","4","0.08","0.04","0.14"
"1335953","V341, F377, K386, L390, R408, A435, E516","341","516","100%","1","1","1","0","1.00","0.04","1.00"
"1335954","V341, F377, N501, V503, Y508, E516","341","516","100%","1","1","1","0","1.00","0.04","1.00"
"1392490","VFNATRFASVYAWNRKRISN","341","360","100%","1","0","0","1","0.00","0.00","0.94"
"1322299","NATRFASVY","343","351","100%","4","1","1","0","0.25","0.01","0.74"
"1346701","N343, A344, T345, R346, S373, W436, N437, N440, L441, S443, K444, V445, N448, N450, R509","343","509","100%","1","1","1","0","1.00","0.04","1.00"
"1478668","NATRFASVYAWN","343","354","100%","1","0","0","1","0.00","0.00","0.94"
"1541684","NATRFASVYAWNRKR","343","357","100%","7","3","1","0","0.43","0.13","0.76"
"1309440","ATRFASVYAWNRKRISNCVA","344","363","100%","120","2","1","0","0.02","0.00","0.06"
"1329170","ATRFASVYAWNRKRISN","344","360","100%","1","0","0","1","0.00","0.00","0.94"
"1087757","TRFASVYAWNRKRISNCV","345","362","100%","20","0","0","1","0.00","0.00","0.13"
"1314090","T345, R346, L441, D442, N448, Y449, N450, L452, F490, S494, Q498, P499, T500, R509","345","509","100%","1","1","1","0","1.00","0.04","1.00"
"1314091","T345, R346, S438, N439, N440, L441, P499","345","499","100%","1","1","1","0","1.00","0.04","1.00"
"1313796","TRFASVYAWNRKRIS","345","359","100%","59","1","1","3","0.02","0.00","0.09"
"1334060","TRFASVYAW","345","353","100%","8","1","1","0","0.13","0.01","0.46"
"1334666","T345, R346, K444, G446, G447, Y449, N450","345","450","100%","5","5","1","0","1.00","0.55","1.00"
"1335950","T345","345","345","100%","4","2","1","0","0.50","0.10","0.89"
"1335951","T345, R346, L441, K444","345","444","100%","1","1","1","0","1.00","0.04","1.00"
"1338776","T345, N439, N440, S443, K444, V445, G446, G447, N450, Q498, P499, T500, Q506","345","506","100%","1","1","1","0","1.00","0.04","1.00"
"1397555","T345, R346, F347, A348, N354, N440, L441, D442, S443, K444, V445, N448, N450, Y451, P499","345","499","100%","1","1","1","0","1.00","0.04","1.00"
"1518321","TRFASVYAWNRKRISNCVA","345","363","100%","1","1","1","0","1.00","0.04","1.00"
"1518322","TRFASVYAWNRKRISNCVADYSVLYNS","345","371","100%","1","1","1","0","1.00","0.04","1.00"
"1518320","TRFASVYAWNRK","345","356","100%","1","0","0","1","0.00","0.00","0.94"
"1310765","RFASVYAWNRKRISN","346","360","100%","32","4","2","1","0.13","0.04","0.26"
"1075135","R346, K444, G446, G447, N448, Y449, N450, L452, V483, E484, G485, F490, S494","346","494","100%","1","1","1","0","1.00","0.04","1.00"
"1310239","R346, N440, L441, K444, V445, G446, N448, Y449, Q498","346","498","100%","3","3","3","0","1.00","0.37","1.00"
"1309148","R346, K444, G447, Y449, N450, L452, L455, F456, V483, E484, F490, L492, Q493, S494","346","494","100%","1","1","1","0","1.00","0.04","1.00"
"1309149","R346, K444, Y449, N450, L452, L455, F456, G482, V483, E484, Y489, F490, L492, Q493, S494","346","494","100%","1","1","1","0","1.00","0.04","1.00"
"1310989","R346, F347, S349, Y351, K444, G446, G447, N448, Y449, N450, Y451, L452, T470, E484, F490, L492, Q493, S494","346","494","100%","1","1","1","0","1.00","0.04","1.00"
"1329039","R346, K444, V445, G446, Y449, N450, L452, T470, F490, L492, Q498, P499, T500","346","500","100%","1","1","1","0","1.00","0.04","1.00"
"1323761","RFASVYAWNR","346","355","100%","2","1","1","0","0.50","0.02","0.97"
"1334439","R346, K444, G446, G447, N448, Y449, N450, L452, V483, E484, G485, F490, S494","346","494","100%","1","1","1","0","1.00","0.04","1.00"
"1338979","R346","346","346","100%","1","1","1","0","1.00","0.04","1.00"
"1334686","R346, N440","346","440","100%","1","1","1","0","1.00","0.04","1.00"
"1335942","R346, A352, L452, S494","346","494","100%","1","1","1","0","1.00","0.04","1.00"
"1346702","R346, K444","346","444","100%","1","1","1","0","1.00","0.04","1.00"
"1397482","R346, A352, G446, N450, L452","346","452","100%","6","5","1","0","0.83","0.42","0.99"
"1392552","R346, Y351, K444, Y449, N450, L452, T470, I472, N481, G482, V483, E484, F490, L492, S494","346","494","100%","5","5","1","0","1.00","0.55","1.00"
"1397231","R346, N439, N440, S443, K444, V445, G446, G447, N450, Q498, P499, T500, N501, G502, Q506","346","506","100%","1","1","1","0","1.00","0.04","1.00"
"1542248","RFASVYAWNRKR","346","357","100%","2","2","1","0","1.00","0.22","1.00"
"1542249","RFASVYAWNRKRISNCVADY","346","365","100%","3","3","1","0","1.00","0.37","1.00"
"1397523","R346, K444, Y449, N450, L452, I472, N481, G482, V483, E484, F490, L492","346","492","100%","1","1","1","0","1.00","0.04","1.00"
"1316312","FASVYAWNR","347","355","100%","2","1","1","0","0.50","0.02","0.97"
"1397116","FASVYAWNRKRISNCVAD","347","364","100%","15","7","1","0","0.47","0.24","0.69"
"1329378","FASVYAWNRKRI","347","358","100%","1","0","0","1","0.00","0.00","0.94"
"1329383","FASVYAWNRKRISNC","347","361","100%","7","1","1","0","0.14","0.01","0.50"
"1309094","A348, S349, Y351, A352, G446, Y449, N450, L452, I468, T470, I472, G482, V483, E484, G485, F486, C488, F490, L492, Q493, S494","348","494","100%","1","1","1","0","1.00","0.04","1.00"
"1311650","ASVYAWNRKR","348","357","100%","1","1","1","0","1.00","0.04","1.00"
"1329156","ASVYAWNRKRISN","348","360","100%","2","1","1","1","0.50","0.02","0.97"
"1544519","ASVYAWNRK","348","356","100%","8","0","0","1","0.00","0.00","0.30"
"1329154","ASVYAWNRKRIS","348","359","100%","1","0","0","1","0.00","0.00","0.94"
"1325172","SVYAWNRKR","349","357","100%","12","1","1","1","0.08","0.00","0.33"
"1313713","SVYAWNRKRISNCVA","349","363","100%","58","1","1","2","0.02","0.00","0.09"
"1334665","S349, G446, G447, N448, Y449, N450, L452, E484, F490, G496","349","496","100%","1","1","1","0","1.00","0.04","1.00"
"1330147","SVYAWNRKRISN","349","360","100%","1","0","0","1","0.00","0.00","0.94"
"1311525","VYAWNRKRI","350","358","100%","10","1","1","2","0.10","0.00","0.38"
"1543315","VYAWNRKRIS","350","359","100%","4","4","1","0","1.00","0.47","1.00"
"1393593","VYAWNRKRISNCVADYSVL","350","368","100%","1","1","1","0","1.00","0.04","1.00"
"1393660","V350, Y351, A352, W353, N354, R355, K356, R357, I358, S359, N360, C361, S443, K444, V445, G446, G447, N448, Y449, N450, Y451, L452, L455, F456, R457, K458, S459, N460, L461, K462, P463, F464, E465, R466, D467, I468, S469, T470, E471, I472","350","472","100%","1","1","1","0","1.00","0.04","1.00"
"1531279","VYAWNRKRISNC","350","361","100%","1","0","0","1","0.00","0.00","0.94"
"1309143","YAWNRKRISNCVADY","351","365","100%","90","3","3","4","0.03","0.01","0.09"
"1075118","YAWNRKRISNCVADYSVLYNSASFSTFKCYGVSPTKLNDLCFT","351","393","100%","4","2","1","0","0.50","0.10","0.89"
"1327895","YAWNRKRI","351","358","100%","4","1","1","0","0.25","0.01","0.74"
"1338217","Y351, K444, G446, Y449, N450, L452, T470, G485, F486, Y489, F490, L492, Q493, S494, G496, Q498","351","498","100%","1","1","1","0","1.00","0.04","1.00"
"1338218","Y351, Y369, S371, A372, F374, S375, T376, F377, K378, C379, Y380, V382, R408, K417, N437, N440, G446, Y449, N450, L452, F456, T478, E484, F486, Y489, F490, L492, Q493, S494, Y495, Q498, V503, Q506, Y508","351","508","100%","1","1","1","0","1.00","0.04","1.00"
"1346808","Y351, G446, Y449, N450, L452, F456, T470, T478, P479, C480, N481, G482, V483, E484, G485, F486, N487, C488, Y489, F490, P491, L492, Q493, S494","351","494","100%","5","5","1","0","1.00","0.55","1.00"
"1338215","Y351, Y449, L455, T470, N481, G482, V483, E484, G485, F486, C488, Y489, F490, L492, Q493, S494","351","494","100%","4","4","1","0","1.00","0.47","1.00"
"1335961","Y351, R403, D405, E406, K417, G446, G447, Y449, N450, L452, Y453, L455, T470, I472, G482, V483, E484, F490, L492, Q493, S494, Q498, N501, G502, Y505","351","505","100%","1","1","1","0","1.00","0.04","1.00"
"1338777","Y351, K444, V445, G446, G447, N448, Y449, N450, L452, T470, E484, F490, L492, Q493, S494, Q498","351","498","100%","1","1","1","0","1.00","0.04","1.00"
"1394158","YAWNRKRISNCVADYSV","351","367","100%","12","2","1","0","0.17","0.03","0.43"
"1392554","Y351, R403, K417, G446, Y449, L452, F456, T470, E484, G485, F486, Y489, F490, L492, Q493, S494, G496, Q498, T500, N501, Y505","351","505","100%","5","4","1","0","0.80","0.34","0.99"
"1392521","YAWNRKRISNCVADYSVLYN","351","370","100%","1","0","0","1","0.00","0.00","0.94"
"1393661","Y351, A352, K444, Y449, N450, L452, Y453, F456, I468, T470, E484, G485, Y489, F490, L492, Q493, S494","351","494","100%","1","1","1","0","1.00","0.04","1.00"
"1556269","Y351, K444, G446, Y449, N450, L452, T470, V483, E484, G485, F486, N487, C488, Y489, F490, L492, Q493, S494, Q498","351","498","100%","1","1","1","0","1.00","0.04","1.00"
"1311654","AWNRKR","352","357","100%","1","1","1","0","1.00","0.04","1.00"
"1087794","WNRKRISNCVADYSVLYN","353","370","100%","20","0","0","1","0.00","0.00","0.13"
"1313960","WNRKRISNCVADYSV","353","367","100%","68","4","3","2","0.06","0.02","0.14"
"1346826","W353, N354, R355, K356, R357, S359, N360, N394, Y396, P426, D428, K462, P463, F464, E465, R466, I468, E516, L518, H519, A520, T523","353","523","100%","1","1","1","0","1.00","0.04","1.00"
"1391791","W353, R355, R357, Y396, P426, D427, D428, F429, K462, P463, F464, R466, S514, E516, L518, H519, A520, P521","353","521","100%","1","1","1","0","1.00","0.04","1.00"
"1532692","WNRKRISNCVADYSVLYNS","353","371","100%","1","1","1","0","1.00","0.04","1.00"
"1532691","WNRKRISNCVAD","353","364","100%","1","0","0","1","0.00","0.00","0.94"
"1087821","N354","354","354","100%","1","1","1","0","1.00","0.04","1.00"
"1309538","NRKRISNCVADYSVLYNSAS","354","373","100%","120","0","0","1","0.00","0.00","0.03"
"1335936","N354, F377, I468","354","468","100%","1","1","1","0","1.00","0.04","1.00"
"1335937","N354, K356, I468","354","468","100%","1","1","1","0","1.00","0.04","1.00"
"1541817","NRKRISNCVAD","354","364","100%","3","3","1","0","1.00","0.37","1.00"
"1483468","NRKRISNCVADY","354","365","100%","1","0","0","1","0.00","0.00","0.94"
"1311810","RKRISNCV","355","362","100%","1","1","1","0","1.00","0.04","1.00"
"1542282","RKRISNCVAD","355","364","100%","1","1","1","0","1.00","0.04","1.00"
"1542283","RKRISNCVADYSVLY","355","369","100%","7","1","1","0","0.14","0.01","0.50"
"1310551","KRISNCVADYSVLYN","356","370","100%","28","2","1","2","0.07","0.01","0.20"
"1541116","KRISNCVADYSVLYNSASFS","356","375","100%","1","1","1","0","1.00","0.04","1.00"
"1075029","RISNCVADY","357","365","100%","36","4","1","0","0.11","0.04","0.23"
"1313442","RISNCVADYSVLYNS","357","371","100%","67","2","1","3","0.03","0.01","0.10"
"1498219","RISNCVADYSVLYNSASFS","357","375","100%","1","1","1","0","1.00","0.04","1.00"
"1393855","ISNCVADYSVLYNSASF","358","374","100%","1","0","0","1","0.00","0.00","0.94"
"1542531","SNCVADYSVLYNSAS","359","373","100%","7","0","0","1","0.00","0.00","0.33"
"1397372","NCVADYSFLYNSASF","360","374","93.33%","1","1","1","0","1.00","0.04","1.00"
"1069291","CVADYSVLYNSASFS","361","375","100%","107","1","1","7","0.01","0.00","0.05"
"1087470","CVADYSVLYNSASFSTFK","361","378","100%","20","0","0","1","0.00","0.00","0.13"
"1314082","C361, Y365, F374, T376, K378, V382, S383, P384, F392, A411","361","411","100%","1","1","1","0","1.00","0.04","1.00"
"7247","CVADYSVLY","361","369","100%","11","3","2","0","0.27","0.08","0.55"
"1392096","CVADYSVLYNSASFSTFKCY","361","380","100%","1","0","0","1","0.00","0.00","0.94"
"1392485","VADYSVLYNSASFST","362","376","100%","2","0","0","2","0.00","0.00","0.76"
"1407731","ADYSVLYNSASF","363","374","100%","1","1","1","0","1.00","0.04","1.00"
"1539410","ADYSVLYNSASFSTF","363","377","100%","7","0","0","1","0.00","0.00","0.33"
"1075125","YSVLYNSASFSTFK","365","378","100%","36","5","1","0","0.14","0.06","0.26"
"1314093","Y365, Y369, N370, A372, F374, K378, P384","365","384","100%","1","1","1","0","1.00","0.04","1.00"
"1314047","YSVLYNSASFSTFKC","365","379","100%","58","0","0","3","0.00","0.00","0.06"
"1334443","Y365, Y369, S371, A372, S373, F374, S375, T376, F377, K378, Y380, S383, P384, T385, G404, D405, V407, R408, P412, G413, Q414, N437, V503, G504","365","504","100%","1","1","1","0","1.00","0.04","1.00"
"1336269","Y365","365","365","100%","11","1","1","0","0.09","0.00","0.35"
"1394178","YSVLYNSASFSTFKCYG","365","381","100%","1","0","0","1","0.00","0.00","0.94"
"1310828","SVLYNSASFSTFKCY","366","380","100%","28","1","1","2","0.04","0.00","0.15"
"1334483","SVLYNSASFSTFKCYG","366","381","100%","20","3","1","0","0.15","0.04","0.33"
"1391790","S366, Y369, N370, F374, F377, C379, Y380, G381, V382, S383, P384, T385, K386, N388, L390, F392, P412, D427, D428, F429, L517","366","517","100%","1","1","1","0","1.00","0.04","1.00"
"1392439","SVLYNSASF","366","374","100%","1","1","1","0","1.00","0.04","1.00"
"1542626","SVLYNSASFSTFKCYGVSPT","366","385","100%","1","1","1","0","1.00","0.04","1.00"
"1073903","VLYNSASFSTFKCYG","367","381","100%","8","0","0","2","0.00","0.00","0.30"
"1330526","LYNSASFSTF","368","377","100%","5","0","0","1","0.00","0.00","0.43"
"1392551","L368, Y369, S371, A372, F374, S375, T376, F377, K378, P384, R408, N437, N440, V503, Q506, Y508","368","508","100%","1","1","1","0","1.00","0.04","1.00"
"1393658","L368, Y369, N370, S371, A372, S373, F374, S375, T376, F377, K378, S383, P384, G404, D405, R408, V503, G504, Y508","368","508","100%","1","1","1","0","1.00","0.04","1.00"
"1397233","L368, Y369, N370, S371, A372, F374, S375, T376, F377, K378, C379, Y380, G381, S383, P384, T385, R408, D427, D428, F429","368","429","100%","1","1","1","0","1.00","0.04","1.00"
"997006","Y369, N370, S371, A372, F374, F377, K378, C379, Y380, G381, V382, S383, P384, T385, K386, L390, F429, T430, F515, E516, L517","369","517","100%","2","2","2","0","1.00","0.22","1.00"
"1074327","Y369, N370, A372, F374, T376, F377, K378, Y380, V382, P384, T385, K386, D389, L390, F392, D428, F429, T430, F515, L517, H519","369","519","100%","1","1","1","0","1.00","0.04","1.00"
"1087186","Y369, N370, S375, T376, F377, K378, C379, Y380, G381, V382, S383, P384, T385, K386, L390, F392, D428, T430, E516, L517","369","517","100%","1","1","1","0","1.00","0.04","1.00"
"1087269","Y369, N370, F374, S375, T376, F377, K378, C379, Y380, G381, V382, S383, P384, T385, K386, L390, F392, D428, T430, L517","369","517","100%","1","1","1","0","1.00","0.04","1.00"
"1309150","Y369, N370, F374, S375, T376, F377, K378, C379, Y380, G381, V382, S383, P384, T385, K386, L390, R408, D428, T430, L517, L518","369","518","100%","1","1","1","0","1.00","0.04","1.00"
"1307796","Y369, S375, F377, K378, C379, Y380, G381, V382, S383, P384, T385, K386, F392, P412, G413, D427, D428, F429, L517","369","517","100%","1","1","1","0","1.00","0.04","1.00"
"1311251","Y369, A372, S373, F374, S375, T376, F377, K378, C379, Y380, S383, P384, T385, D405, V407, R408, A411, P412, G413, Q414, N437, V503","369","503","100%","1","1","1","0","1.00","0.04","1.00"
"1087806","YNSASFSTFKCYGVSPTK","369","386","100%","20","0","0","1","0.00","0.00","0.13"
"1311252","Y369, N370, F377, K378, C379, Y380, G381, V382, S383, P384, T385, K386, N388, L390, F392, P412, Q414, D427, D428, F429, T430, L517","369","517","100%","42","32","1","0","0.76","0.63","0.86"
"1311253","Y369, N370, S371, A372, F374, S375, T376, F377, K378, C379, S383, P384, T385, R408, Q414","369","414","100%","42","33","1","0","0.79","0.65","0.88"
"1311528","YNSASFSTFKCYGVSPTKLNDL","369","390","100%","1","0","0","1","0.00","0.00","0.94"
"1314022","YNSASFSTFKCYGVS","369","383","100%","58","0","0","3","0.00","0.00","0.06"
"1335411","Y369, N370, S371, A372, F374, S375, T376, F377, K378, C379, Y380, V382, S383, P384, T385, R403, G404, D405, V407, R408, Q409, I410, A411, P412, G413, Q414, T415, V433, N437, T500, N501, G502, V503, G504, Y505, Q506, Y508","369","508","100%","1","1","1","0","1.00","0.04","1.00"
"1334437","Y369, N370, S371, A372, S373, F374, S375, T376, F377, K378, C379, Y380, S383, P384, T385, K386, G404, R408, A411, P412, Y508","369","508","100%","1","1","1","0","1.00","0.04","1.00"
"1338219","Y369, N370, S371, A372, S373, F374, S375, T376, F377, K378, C379, Y380, V382, P384, R408, Q414, N437, N439, N440, V503, Q506, Y508","369","508","100%","1","1","1","0","1.00","0.04","1.00"
"1338220","Y369, N370, S371, A372, S373, F374, S375, T376, F377, K378, S383, P384, N437, V503, Y508","369","508","100%","1","1","1","0","1.00","0.04","1.00"
"1338221","Y369, N370, S371, A372, S373, F374, S375, T376, F377, K378, S383, P384, T385, R408, V503, G504, Y508","369","508","100%","1","1","1","0","1.00","0.04","1.00"
"1346809","Y369, N370, S371, A372, F374, S375, T376, F377, K378, C379, S383, P384, D405, R408, Q409, Q414, T415, G416, N501, V503, G504, Y505","369","505","100%","5","5","1","0","1.00","0.55","1.00"
"1338222","Y369, S371, F377, K378, C379, Y380, G381, V382, S383, P384, T385, R408, P412, G413, Q414, T415, G416, D427, D428, F429","369","429","100%","1","1","1","0","1.00","0.04","1.00"
"1335962","Y369, N370, A372, F374, S375, T376, F377, K378, C379, P384, T385, R408","369","408","100%","1","1","1","0","1.00","0.04","1.00"
"1346704","Y369, N370, S371, F377, K378, C379, Y380, G381, V382, S383, P384, T385, R408, P412, G413, Q414, T415, G416, D427, D428, F429","369","429","100%","1","1","1","0","1.00","0.04","1.00"
"1336270","Y369","369","369","100%","11","1","1","0","0.09","0.00","0.35"
"1338790","Y369, N370, S375, T376, F377, K378, C379, Y380, G381, V382, S383, P384, T385, K386, L390, F392, R408, T430, L517","369","517","100%","1","1","1","0","1.00","0.04","1.00"
"1391795","Y369, N370, S371, A372, F374, S375, T376, F377, K378, C379, Y380, V382, S383, P384, T385, G404, D405, R408, T500, N501, G502, V503, G504, Q506","369","506","100%","6","4","1","0","0.67","0.27","0.93"
"1392580","Y369, N370, F374, S375, T376, F377, K378, C379, Y380, G381, V382, S383, P384, T385, K386, F429, T430, F515, L517","369","517","100%","1","1","1","0","1.00","0.04","1.00"
"1398140","Y369, N370, A372, F374, K378, P384","369","384","100%","1","1","1","0","1.00","0.04","1.00"
"1397531","Y369, N370, A372, F374, S375, T376, F377, K378, T385, G404, R408, I410, N437, N440, V503, Y508","369","508","100%","1","1","1","0","1.00","0.04","1.00"
"1397230","Y369, N370, S371, A372, F374, S375, T376, F377, K378, C379, S383, P384, T385, R408, Q414","369","414","100%","1","1","1","0","1.00","0.04","1.00"
"1397512","YNSASFSTF","369","377","100%","4","0","0","1","0.00","0.00","0.51"
"1556270","Y369, A372, S373, F374, S375, T376, F377, K378, C379, P384, R408, N437, G502, V503, Q506, Y508","369","508","100%","1","1","1","0","1.00","0.04","1.00"
"1556271","Y369, A372, S375, K378, C379, S383, P384, G404, D405, R408, Q414, G502, V503, G504, Y508","369","508","100%","1","1","1","0","1.00","0.04","1.00"
"1313244","NSASFSTFK","370","378","100%","18","1","1","2","0.06","0.00","0.23"
"1393659","N370, S371, A372, S373, F374, S375, T376, F377, K378, C379, Y380, G381, V382, S383, P384, T385, K386, L387, Y489, F490, P491, L492, Q493, S494, Y495, G496, F497, Q498, P499, T500, N501, G502, V503, G504, Y505, Q506, P507, Y508, R509, V510, V511, V512, L513, S514","370","514","100%","1","1","1","0","1.00","0.04","1.00"
"1310787","SASFSTFKCYGVSPT","371","385","100%","55","1","1","4","0.02","0.00","0.10"
"1333450","SASFSTFKCY","371","380","100%","6","1","1","0","0.17","0.01","0.56"
"1392415","SASFSTFKCYGVSPTKLNDL","371","390","100%","1","0","0","1","0.00","0.00","0.94"
"1501918","SASFSTFKCYGV","371","382","100%","1","1","1","0","1.00","0.04","1.00"
"1125015","A372, F374, C379","372","379","100%","1","1","1","0","1.00","0.04","1.00"
"1393694","ASFSTFKCYGVSPTKLN","372","388","100%","12","1","1","0","0.08","0.00","0.33"
"1398136","A372, K378","372","378","100%","10","10","1","0","1.00","0.74","1.00"
"1397528","A372, F374, S375, T376, F377, K378, Y380, S383, P384, G404, D405, R408, N437, V503, G504, Y508","372","508","100%","1","1","1","0","1.00","0.04","1.00"
"1412560","ASFSTFKCYGVS","372","383","100%","1","0","0","1","0.00","0.00","0.94"
"1313549","SFSTFKCYGVSPTKL","373","387","100%","58","0","0","3","0.00","0.00","0.06"
"1391917","SFSTFKCYGVSPTKLNDL","373","390","100%","15","0","0","1","0.00","0.00","0.17"
"1125016","F374, S375, T376, F377, C379, F392, D427, E516","374","516","100%","1","1","1","0","1.00","0.04","1.00"
"1309472","FSTFKCYGVSPTKLNDLCFT","374","393","100%","120","0","0","1","0.00","0.00","0.03"
"1392550","F374, S375, T376, F377, K378, C379, Y380, G381, V382, S383, P384, T385, K386, R408, N437, V503, G504, Y508","374","508","100%","5","2","1","0","0.40","0.08","0.80"
"1329423","FSTFKCYGVSPT","374","385","100%","1","0","0","1","0.00","0.00","0.94"
"1389151","STFKCYGVSPTKLNDLCFTN","375","394","100%","1","1","1","0","1.00","0.04","1.00"
"1542598","STFKCYGVSPTKLND","375","389","100%","7","1","1","0","0.14","0.01","0.50"
"1310841","TFKCYGVSPTKLNDL","376","390","100%","36","4","3","2","0.11","0.04","0.23"
"1314092","T376, K378, R408, K417","376","417","100%","2","2","2","0","1.00","0.22","1.00"
"1542737","TFKCYGVSPTKLNDLCFTNV","376","395","100%","1","1","1","0","1.00","0.04","1.00"
"1087513","FKCYGVSPTKLNDLCFTN","377","394","100%","20","0","0","1","0.00","0.00","0.13"
"1312438","FKCYGVSPTKLNDLC","377","391","100%","58","0","0","3","0.00","0.00","0.06"
"1335916","F377","377","377","100%","1","1","1","0","1.00","0.04","1.00"
"1335917","F377, E516","377","516","100%","1","1","1","0","1.00","0.04","1.00"
"1335918","F377, K386, L390","377","390","100%","1","1","1","0","1.00","0.04","1.00"
"1335919","F377, T385, L390","377","390","100%","1","1","1","0","1.00","0.04","1.00"
"1335920","F377, Y508, E516","377","516","100%","1","1","1","0","1.00","0.04","1.00"
"1311170","KCYGVSPTK","378","386","100%","24","17","4","0","0.71","0.52","0.85"
"1335929","K378, R408, G504","378","504","100%","1","1","1","0","1.00","0.04","1.00"
"1397479","K378, R408, G504","378","504","100%","1","1","1","0","1.00","0.04","1.00"
"1393717","CYGVSPTKLNDLCFTNV","379","395","100%","1","0","0","1","0.00","0.00","0.94"
"1539781","CYGVSPTKLNDLCFT","379","393","100%","7","1","1","0","0.14","0.01","0.50"
"1309120","GVSPTKLNDLCFTNV","381","395","100%","128","1","1","6","0.01","0.00","0.04"
"1392200","GVSPTKLNDLCFTNVYADSF","381","400","100%","1","0","0","1","0.00","0.00","0.94"
"1336266","S383","383","383","100%","11","1","1","0","0.09","0.00","0.35"
"1507954","SPTKLNDLCFTN","383","394","100%","1","0","0","1","0.00","0.00","0.94"
"1542550","SPTKLNDLCFTNVYA","383","397","100%","7","0","0","1","0.00","0.00","0.33"
"1309553","PTKLNDLCFTNVYADSFVIR","384","403","100%","120","1","1","0","0.01","0.00","0.05"
"1336263","P384","384","384","100%","12","2","2","0","0.17","0.03","0.43"
"1490344","PTKLNDLCFTNV","384","395","100%","1","0","0","1","0.00","0.00","0.94"
"1073438","TKLNDLCFTNVYADS","385","399","100%","60","1","1","4","0.02","0.00","0.09"
"1087743","TKLNDLCFTNVYADSFVI","385","402","100%","20","0","0","1","0.00","0.00","0.13"
"1334667","T385, N388, F392","385","392","100%","1","1","1","0","1.00","0.04","1.00"
"1310545","KLNDLCFTNVYADSF","386","400","100%","28","1","1","2","0.04","0.00","0.15"
"1074951","KLNDLCFTNVYADSFVIR","386","403","100%","36","16","1","0","0.44","0.30","0.59"
"1125080","KLNDLCFTNV","386","395","100%","3","2","1","0","0.67","0.14","0.98"
"1393870","KLNDLCFTNVYADSFVI","386","402","100%","12","1","1","0","0.08","0.00","0.33"
"1541057","KLNDLCFTNVYADSFVIRGD","386","405","100%","1","1","1","0","1.00","0.04","1.00"
"1541413","LNDLCFTNVYADSFV","387","401","100%","7","2","1","0","0.29","0.05","0.64"
"1312311","DLCFTNVYADSFVIR","389","403","100%","58","3","1","2","0.05","0.02","0.14"
"1464494","LCFTNVYADSFV","390","401","100%","1","0","0","1","0.00","0.00","0.94"
"1069287","CFTNVYADSFVIRGD","391","405","100%","44","0","0","5","0.00","0.00","0.06"
"1392073","CFTNVYADSFVIRGDEVRQI","391","410","100%","1","0","0","1","0.00","0.00","0.94"
"1415891","CFTNVYADSFVI","391","402","100%","1","0","0","1","0.00","0.00","0.94"
"1436875","FTNVYADSFVIR","392","403","100%","1","0","0","1","0.00","0.00","0.94"
"1087748","TNVYADSFVIRGDEVRQI","393","410","100%","20","0","0","1","0.00","0.00","0.13"
"1313770","TNVYADSFVIRGDEV","393","407","100%","58","1","1","2","0.02","0.00","0.09"
"1394102","TNVYADSFVIRGDEVRQ","393","409","100%","1","0","0","1","0.00","0.00","0.94"
"1330218","TNVYADSFVIRG","393","404","100%","1","0","0","1","0.00","0.00","0.94"
"1309541","NVYADSFVIRGDEVRQIAPG","394","413","100%","120","6","1","0","0.05","0.02","0.10"
"1322744","NVYADSFVIR","394","403","100%","2","1","1","0","0.50","0.02","0.97"
"1311523","VYADSFVIRGDEV","395","407","100%","1","0","0","1","0.00","0.00","0.94"
"1397510","VYADSFVIRG","395","404","100%","3","3","1","0","1.00","0.37","1.00"
"1543311","VYADSFVIRGDEVRQ","395","409","100%","7","1","1","0","0.14","0.01","0.50"
"1310948","YADSFVIRGDEVRQI","396","410","100%","28","1","1","2","0.04","0.00","0.15"
"1543393","YADSFVIRGDEVRQIAPGQT","396","415","100%","1","1","1","0","1.00","0.04","1.00"
"1068879","ADSFVIRGDEVRQIA","397","411","100%","59","1","1","3","0.02","0.00","0.09"
"1542450","SFVIRGDEVRQIAPG","399","413","100%","7","1","1","0","0.14","0.01","0.50"
"1317124","FVIRGDEVR","400","408","100%","2","1","1","0","0.50","0.02","0.97"
"1393775","FVIRGDEVRQIAPGQTG","400","416","100%","12","1","1","0","0.08","0.00","0.33"
"1310891","VIRGDEVRQIAPGQT","401","415","100%","110","7","3","4","0.06","0.03","0.13"
"1087774","VIRGDEVRQIAPGQTGKI","401","418","100%","21","1","1","1","0.05","0.00","0.20"
"1392492","VIRGDEVRQIAPGQTGKIAD","401","420","100%","1","0","0","1","0.00","0.00","0.94"
"1332400","IRGDEVRQIAPGQTGKIADYNYKLPDDFTG","402","431","100%","64","1","1","0","0.02","0.00","0.08"
"1454173","IRGDEVRQIAPG","402","413","100%","1","0","0","1","0.00","0.00","0.94"
"1075136","R403, Q409, T415, G416, K417, D420, Y421, L455, F456, R457, K458, S459, N460, Y473, Q474, A475, G476, S477, F486, N487, Y489, F490, Q493, Y495, G496, Q498, N501, G502, Y505","403","505","100%","1","1","1","0","1.00","0.04","1.00"
"1083498","R403, D405, E406, R408, Q409, T415, G416, K417, D420, Y421, L455, F456, R457, K458, N460, Y473, Q474, A475, G476, S477, F486, N487, Y489, Q493, Y495, G502, Y505","403","505","100%","1","1","1","0","1.00","0.04","1.00"
"1087266","R403, D405, R408, T415, G416, K417, D420, Y421, Y453, L455, F456, R457, K458, S459, N460, Y473, Q474, A475, G476, S477, F486, N487, Y489, Q493, S494, Y495, G496, Q498, T500, N501, G502, Y505","403","505","100%","1","1","1","0","1.00","0.04","1.00"
"1087267","R403, D405, T415, G416, K417, D420, Y421, Y453, L455, F456, R457, K458, N460, Y473, A475, G476, S477, F486, N487, Y489, Y495, N501, Y505","403","505","100%","1","1","1","0","1.00","0.04","1.00"
"1311246","R403, D405, T415, G416, K417, D420, Y421, Y453, L455, F456, R457, K458, N460, Y473, Q474, A475, G476, S477, T478, F486, N487, Y489, Q493, N501, Y505","403","505","100%","1","1","1","0","1.00","0.04","1.00"
"1311247","R403, T415, G416, K417, D420, Y421, Y453, L455, F456, R457, K458, N460, Y473, A475, G476, S477, F486, N487, Y489, Q493, S494, Y495, G496, Q498, T500, N501, G502, V503, Y505","403","505","100%","1","1","1","0","1.00","0.04","1.00"
"1311248","R403, T415, G416, K417, D420, Y421, Y453, L455, R457, K458, S459, N460, Y473, Q474, A475, G476, S477, F486, N487, Y489, Q493, Q498, T500, N501, G502, V503, Y505","403","505","100%","1","1","1","0","1.00","0.04","1.00"
"1310038","R403, D405, T415, G416, K417, D420, Y421, Y453, L455, F456, R457, K458, N460, Y473, A475, G476, S477, F486, N487, Y489, Q493, S494, Y495, G496, T500, N501, G502, Y505","403","505","100%","1","1","1","0","1.00","0.04","1.00"
"1311249","R403, V445, G446, Y449, Y453, L455, F456, N487, Y489, Q493, Y495, G496, Q498, P499, T500, N501, G502, Y505","403","505","100%","42","41","1","0","0.98","0.89","1.00"
"1314088","R403, T415, G416, K417, D420, Y421, Y453, L455, F456, R457, K458, N460, Y473, A475, G476, S477, F486, N487, Y489, T500, N501, G502, Y505","403","505","100%","1","1","1","0","1.00","0.04","1.00"
"1335407","R403, D405, E406, K417, V445, G446, Y449, Y453, L455, F456, Y473, Q474, A475, V483, E484, G485, F486, N487, C488, Y489, F490, Q493, G496, Q498, N501, Y505","403","505","100%","4","4","1","0","1.00","0.47","1.00"
"1334440","R403, T415, G416, K417, D420, Y421, Y453, L455, F456, R457, K458, S459, N460, Y473, Q474, A475, G476, S477, F486, N487, Y489, Q493, G502, Y505","403","505","100%","8","8","1","0","1.00","0.69","1.00"
"1392001","R403, D405, A419, G502, G504, Y505, R509","403","509","100%","4","4","1","0","1.00","0.47","1.00"
"1335943","R403, K417, Y449, N450, L452, Y453, L455, F456, E484, G485, F486, Y489, F490, L492, Q493, S494, Y495, Y505","403","505","100%","6","6","1","0","1.00","0.61","1.00"
"1338216","R403, T415, G416, K417, D420, Y421, Y453, L455, F456, R457, K458, N460, Y473, Q474, A475, G476, F486, N487, Y489, Y495, G496, N501, Y505","403","505","100%","1","1","1","0","1.00","0.04","1.00"
"1335957","R403, R408, T415, G416, K417, D420, Y421, Y453, L455, F456, R457, K458, N460, Y473, Q474, A475, G476, F486, N487, Y489, Q493, S494, Y495, G496, Q498, T500, N501, G502, Y505","403","505","100%","1","1","1","0","1.00","0.04","1.00"
"1335958","R403, T415, G416, K417, D420, Y421, Y453, L455, F456, R457, K458, N460, Y473, A475, G476, F486, N487, Y489, Q493, S494, Y495, G496, Q498, T500, N501, G502, Y505","403","505","100%","1","1","1","0","1.00","0.04","1.00"
"1335959","R403, T415, G416, K417, D420, Y421, Y453, L455, F456, R457, K458, N460, Y473, A475, G476, S477, F486, N487, Y489, Q493, Q498, T500, N501, G502, Y505","403","505","100%","1","1","1","0","1.00","0.04","1.00"
"1335960","R403, T415, G416, K417, D420, Y421, Y453, L455, F456, R457, K458, N460, Y473, Q474, A475, G476, F486, N487, Y489, Q493, S494, Y495, G496, Q498, T500, N501, G502, Y505","403","505","100%","1","1","1","0","1.00","0.04","1.00"
"1335408","R403, D405, T415, G416, K417, D420, Y421, Y453, L455, F456, R457, K458, N460, Y473, A475, G476, F486, N487, Y489, Q493, S494, Y495, G496, Q498, T500, N501, G502, G504, Y505","403","505","100%","1","1","1","0","1.00","0.04","1.00"
"1338212","R403, D405, T415, G416, K417, D420, Y421, L455, F456, R457, K458, S459, N460, Y473, Q474, A475, G476, S477, F486, N487, Y489, N501, G502, Y505","403","505","100%","1","1","1","0","1.00","0.04","1.00"
"1338213","R403, T415, G416, K417, D420, Y421, Y453, L455, R457, K458, N460, Y473, A475, G476, S477, F486, N487, Y489, Q493, S494, Y495, G496, Q498, T500, N501, G502, V503, Y505","403","505","100%","1","1","1","0","1.00","0.04","1.00"
"1335409","R403, G416, K417, D420, Y421, Y453, L455, F456, R457, N460, Y473, A475, G476, E484, G485, F486, N487, Y489, F490, Q493, Y505","403","505","100%","1","1","1","0","1.00","0.04","1.00"
"1335410","R403, K417, D420, Y421, Y453, L455, F456, K458, N460, Y473, A475, G476, S477, E484, G485, F486, N487, Y489, F490, Q493, Y505","403","505","100%","1","1","1","0","1.00","0.04","1.00"
"1335956","R403, E406, K417, V445, G446, G447, Y449, L452, Y453, L455, F456, E484, G485, Y489, F490, L492, Q493, S494, Y495, G496, Q498, N501, G502, Y505","403","505","100%","1","1","1","0","1.00","0.04","1.00"
"1336265","R403, D405, E406, R408, Q409, T415, G416, K417, D420, Y421, L455, F456, R457, K458, N460, Y473, Q474, A475, G476, S477, F486, N487, Y489, Q493, Y495, G502, Y505","403","505","100%","1","1","1","0","1.00","0.04","1.00"
"1346821","R403, D405, E406, R408, Q409, T415, G416, K417, D420, Y421, Y453, L455, F456, R457, K458, N460, Y473, Q474, A475, G476, S477, F486, N487, Y489, Y495, G496, Q498, T500, N501, G502, V503, Y505","403","505","100%","1","1","1","0","1.00","0.04","1.00"
"1346822","R403, D405, R408, T415, G416, K417, D420, Y421, Y453, L455, R457, K458, N460, Y473, Q474, A475, G476, S477, F486, N487, Y489, Q493, Y495, G496, Q498, T500, N501, G502, Y505","403","505","100%","1","1","1","0","1.00","0.04","1.00"
"1346823","R403, E406, Q409, T415, G416, K417, D420, Y421, Y453, L455, F456, R457, K458, N460, Y473, Q474, A475, G476, F486, N487, Y489, Q493, S494, Y495, G496, Q498, T500, N501, G502, Y505","403","505","100%","1","1","1","0","1.00","0.04","1.00"
"1346824","R403, K417, Y453, L455, F456, E484, G485, F486, N487, C488, Y489, Q493, N501, G502, Y505","403","505","100%","7","7","1","0","1.00","0.65","1.00"
"1346825","R403, T415, G416, K417, D420, Y421, Y453, L455, F456, R457, K458, S459, N460, Y473, Q474, A475, G476, S477, F486, N487, Y489, Y495, G496, Q498, T500, N501, G502, Y505","403","505","100%","7","7","1","0","1.00","0.65","1.00"
"1347686","R403, D405, E406, R408, T415, G416, K417, D420, Y421, Y449, L455, F456, R457, K458, N460, Y473, Q474, A475, G476, S477, N487, Y489, Q493, S494, G496, T500, N501, G502, V503, Y505","403","505","100%","1","1","1","0","1.00","0.04","1.00"
"1347687","R403, D405, R408, Q409, T415, G416, K417, Y421, Y449, Y453, L455, F456, G485, F486, N487, Y489, Q493, S494, Y495, G496, N501, Y505","403","505","100%","1","1","1","0","1.00","0.04","1.00"
"1347688","R403, E406, R408, Q409, G416, K417, Y449, Y453, L455, F456, F486, N487, Y489, Q493, S494, Y495, G496, Q498, T500, N501, G502, Y505","403","505","100%","1","1","1","0","1.00","0.04","1.00"
"1347689","R403, K417, Y449, L452, Y453, L455, F456, E484, G485, F486, C488, Y489, F490, L492, Q493, Y505","403","505","100%","1","1","1","0","1.00","0.04","1.00"
"1347690","R403, R408, Q409, Q414, T415, G416, K417, D420, Y421, G446, Y449, F456, A475, G476, S477, F486, N487, Y489, Q493, S494, G496, Q498, N501, Y505","403","505","100%","1","1","1","0","1.00","0.04","1.00"
"1347691","R403, T415, G416, K417, D420, Y421, L455, F456, R457, N460, Y473, A475, G476, F486, N487, Y489, Q493, G496, T500, N501, G502, Y505","403","505","100%","1","1","1","0","1.00","0.04","1.00"
"1391789","R403, D405, R408, T415, G416, K417, D420, Y421, L455, F456, R457, K458, N460, Y473, Q474, A475, G476, S477, F486, N487, Y489, Q493, T500, N501, G502, Y505","403","505","100%","1","1","1","0","1.00","0.04","1.00"
"1397554","R403, K417, G446, G447, Y449, Y453, L455, F456, E484, F486, Y489, F490, L492, Q493, S494, Y495, G496, Q498, N501, Y505","403","505","100%","6","6","1","0","1.00","0.61","1.00"
"1397483","R403, R408, T415, G416, K417, D420, Y421, Y453, L455, F456, R457, K458, N460, Y473, Q474, A475, G476, S477, F486, N487, Y489, F490, Q493, Y505","403","505","100%","1","1","1","0","1.00","0.04","1.00"
"1392578","R403, T415, G416, K417, D420, Y421, Y453, L455, F456, R457, K458, N460, Y473, Q474, A475, G476, S477, F486, N487, Y489, Q493, Y505","403","505","100%","1","1","1","0","1.00","0.04","1.00"
"1392553","R403, T415, G416, K417, D420, Y421, Y453, L455, F456, R457, K458, N460, Y473, Q474, A475, G476, S477, F486, N487, Y489, Q493, S494, Y495, G496, Q498, T500, N501, G502, Y505","403","505","100%","3","3","1","0","1.00","0.37","1.00"
"1397524","R403, D405, T415, G416, K417, D420, Y421, L455, F456, R457, K458, N460, Y473, A475, G476, S477, E484, F486, N487, Y489, F490, Q493, S494, G496, Q498, N501, G502, Y505","403","505","100%","1","1","1","0","1.00","0.04","1.00"
"1397525","R403, D405, T415, G416, K417, D420, Y421, Y453, L455, F456, R457, K458, S459, N460, Y473, A475, G476, S477, F486, N487, Y489, Q493, G496, Q498, T500, N501, G502, Y505","403","505","100%","1","1","1","0","1.00","0.04","1.00"
"1397526","R403, T415, K417, D420, Y421, L455, R457, K458, N460, Y473, Q474, A475, G476, S477, T478, F486, N487, Y489, N501, G502, Y505","403","505","100%","1","1","1","0","1.00","0.04","1.00"
"1497574","RGDEVRQIAPGQ","403","414","100%","1","1","1","0","1.00","0.04","1.00"
"1542254","RGDEVRQIAPGQTGK","403","417","100%","7","0","0","1","0.00","0.00","0.33"
"1380926","GDEVRQIAPGQTGKIA","404","419","100%","40","38","1","0","0.95","0.85","0.99"
"1380927","GDEVRQIAPGQTGKIADY","404","421","100%","1","1","1","0","1.00","0.04","1.00"
"1347032","GDEVRQI","404","410","100%","1","1","1","0","1.00","0.04","1.00"
"1439011","GDEVRQIAPGQT","404","415","100%","1","0","0","1","0.00","0.00","0.94"
"1075913","D405, R408, T415, G416, Y421, F456, R457, K458, N460, Y473, Q474, A475, G476, F486, N487, T500, N501, G502, Y505","405","505","100%","1","1","1","0","1.00","0.04","1.00"
"1314083","D405, R408, T415, G416, Y421, F456, R457, K458, N460, Y473, Q474, A475, G476, F486, N487, T500, N501, G502, Y505","405","505","100%","1","1","1","0","1.00","0.04","1.00"
"1312289","DEVRQIAPGQTGKIA","405","419","100%","58","0","0","3","0.00","0.00","0.06"
"1378509","DEVRQIAPGQTGKIAD","405","420","100%","40","35","1","0","0.88","0.75","0.95"
"1338778","D405, K417, D420, L455, F456, N460, I472, Y473, A475, G476, F486, N487, Y489, G504","405","504","100%","1","1","1","0","1.00","0.04","1.00"
"1397232","D405, K417, L455, F456, A475, G476, S477, E484, G485, F486, N487, Y489","405","489","100%","1","1","1","0","1.00","0.04","1.00"
"1420353","DEVRQIAPGQTG","405","416","100%","1","1","1","0","1.00","0.04","1.00"
"1310377","EVRQIAPGQTGKIAD","406","420","100%","41","3","1","2","0.07","0.02","0.17"
"1311673","EVRQIAPGQT","406","415","100%","1","1","1","0","1.00","0.04","1.00"
"1380143","EVRQIAPGQTGKIADY","406","421","100%","40","36","1","0","0.90","0.79","0.96"
"1540176","EVRQIAPGQTGKIADYNYKL","406","425","100%","1","1","1","0","1.00","0.04","1.00"
"1430756","EVRQIAPGQTGK","406","417","100%","1","0","0","1","0.00","0.00","0.94"
"1311932","VRQIAPGQTGKIADYNYKLPDDFTGCVIA","407","435","100%","1","1","1","0","1.00","0.04","1.00"
"1394138","VRQIAPGQTGKIADYNY","407","423","100%","1","0","0","1","0.00","0.00","0.94"
"1397460","VRQIAPGETGKIADY","407","422","93.33%","1","1","1","0","1.00","0.04","1.00"
"1528568","VRQIAPGQTGKI","407","418","100%","1","0","0","1","0.00","0.00","0.94"
"1543239","VRQIAPGQTGKIADY","407","421","100%","7","1","1","0","0.14","0.01","0.50"
"1075039","RQIAPGQTGKIADYNYKL","408","425","100%","36","6","1","0","0.17","0.07","0.30"
"1330580","RQIAPGQTGK","408","417","100%","10","0","0","1","0.00","0.00","0.25"
"1499558","RQIAPGQTGKIA","408","419","100%","1","0","0","1","0.00","0.00","0.94"
"1087691","QIAPGQTGKIADYNYKLP","409","426","100%","20","0","0","1","0.00","0.00","0.13"
"1323249","QIAPGQTGK","409","417","100%","10","2","1","1","0.20","0.04","0.49"
"1313338","QIAPGQTGKIADYNY","409","423","100%","58","1","1","2","0.02","0.00","0.09"
"1492872","QIAPGQTGKIAD","409","420","100%","1","0","0","1","0.00","0.00","0.94"
"1311378","IAPGQTGKI","410","418","100%","1","0","0","1","0.00","0.00","0.94"
"1382352","IAPGQTGKIADYNYKL","410","425","100%","40","37","1","0","0.93","0.82","0.98"
"1397326","IAPGQTGNIADYNYK","410","424","93.33%","1","1","1","0","1.00","0.04","1.00"
"1310279","APGQTGKIADYNYKL","411","425","100%","48","0","0","4","0.00","0.00","0.06"
"1392051","APGQTGKIADYNYKLPDDFT","411","430","100%","1","0","0","1","0.00","0.00","0.94"
"1312600","GQTGKIADYNYKLPD","413","427","100%","58","0","0","3","0.00","0.00","0.06"
"1309563","QTGKIADYNYKLPDDFTGCV","414","433","100%","120","5","1","0","0.04","0.02","0.09"
"1311797","QTGKIADYNYKLPD","414","427","100%","1","1","1","0","1.00","0.04","1.00"
"1394015","QTGKIADYNYKLPDDFT","414","430","100%","1","0","0","1","0.00","0.00","0.94"
"1311250","T415, G416, K417, D420, Y421, Y453, L455, F456, R457, K458, S459, N460, Y473, Q474, A475, G476, S477, F486, N487, Y489, Q493, S494, Y495, G496, Q498, T500, N501, G502, Y505","415","505","100%","1","1","1","0","1.00","0.04","1.00"
"1347692","T415, G416, K417, D420, Y421, L455, F456, R457, K458, N460, Y473, Q474, A475, G476, S477, F486, N487, G496, Y505","415","505","100%","1","1","1","0","1.00","0.04","1.00"
"1392579","T415, Y421, A475, G476, N487, S494, G502","415","502","100%","1","1","1","0","1.00","0.04","1.00"
"1542752","TGKIADYNYKLPDDF","415","429","100%","7","1","1","0","0.14","0.01","0.50"
"1310447","GKIADYNYKLPDDFT","416","430","100%","16","1","1","0","0.06","0.00","0.25"
"1540496","GKIADYNYKLPDDFTGCVIA","416","435","100%","1","1","1","0","1.00","0.04","1.00"
"1397508","TKIADYNYKLPDDFT","416","431","93.33%","5","0","0","1","0.00","0.00","0.43"
"1310238","K417, Y453, L455, F456, E484, G485, F486, N487, C488, Y489, Q493","417","493","100%","1","1","1","0","1.00","0.04","1.00"
"1087572","KIADYNYKLPDDFTGCVI","417","434","100%","20","0","0","1","0.00","0.00","0.13"
"1312824","KIADYNYKLPDDFTG","417","431","100%","58","0","0","3","0.00","0.00","0.06"
"1319519","KIADYNYKL","417","425","100%","61","10","3","3","0.16","0.09","0.28"
"1334674","K417","417","417","100%","1","1","1","0","1.00","0.04","1.00"
"1334677","K417, E484, R683","417","683","100%","1","1","1","0","1.00","0.04","1.00"
"1334676","K417, E484, N501, R683","417","683","100%","1","1","1","0","1.00","0.04","1.00"
"1334675","K417, A475","417","475","100%","1","1","1","0","1.00","0.04","1.00"
"1338780","K417","417","417","100%","3","3","3","0","1.00","0.37","1.00"
"1347901","K417, E484","417","484","100%","1","1","1","0","1.00","0.04","1.00"
"1347902","K417, N501","417","501","100%","1","1","1","0","1.00","0.04","1.00"
"1346813","K417, E484, N501","417","501","100%","24","22","1","0","0.92","0.76","0.98"
"1336258","K417, Y453, L455, F456, E484, G485, F486, N487, C488, Y489, Q493","417","493","100%","2","2","2","0","1.00","0.22","1.00"
"1393656","K417","417","417","100%","25","4","2","0","0.16","0.06","0.32"
"1393657","K417, E484, N501","417","501","100%","20","8","2","0","0.40","0.22","0.60"
"1338781","K417, L455, F456, T470, E471, I472","417","472","100%","1","1","1","0","1.00","0.04","1.00"
"1391999","K417, E484, N501","417","501","100%","49","44","1","0","0.90","0.80","0.96"
"1346696","K417, D420, L455, F456, N460, Y473, A475","417","475","100%","1","1","1","0","1.00","0.04","1.00"
"1397519","K417, N501","417","501","100%","1","1","1","0","1.00","0.04","1.00"
"1539320","K417, L455, F456, Y473, Q474, A475, G476, S477, T478, C480, E484, G485, F486, C488, Y489, Q493","417","493","100%","1","1","1","0","1.00","0.04","1.00"
"1458911","KIADYNYKLPDD","417","428","100%","1","1","1","0","1.00","0.04","1.00"
"1539409","ADYNYKLPDDFTGCV","419","433","100%","7","1","1","0","0.14","0.01","0.50"
"1314084","D420, A475, N487","420","487","100%","2","2","2","0","1.00","0.22","1.00"
"1074214","YNYKLPDDFTGCVIA","421","435","100%","107","4","2","6","0.04","0.01","0.09"
"1311944","YNYKLPDDFT","421","430","100%","1","1","1","0","1.00","0.04","1.00"
"1347695","Y421, F456, R457, Y473, A475, G476, S477, E484, G485, F486, N487, Y489, Q493","421","493","100%","1","1","1","0","1.00","0.04","1.00"
"1394168","YNYKLPDDFTGCVIAWN","421","437","100%","1","0","0","1","0.00","0.00","0.94"
"1392533","YNYKLPDDFTGCVIAWNSNN","421","440","100%","1","0","0","1","0.00","0.00","0.94"
"1543462","YKLPDDFTGCVIAWN","423","437","100%","7","0","0","1","0.00","0.00","0.33"
"32069","KLPDDFMGCV","424","433","90%","20","4","1","1","0.20","0.07","0.39"
"1074952","KLPDDFTGCV","424","433","100%","94","9","3","2","0.10","0.05","0.17"
"1309501","KLPDDFTGCVIAWNSNNLDS","424","443","100%","120","3","1","0","0.03","0.01","0.07"
"1311725","KLPD","424","427","100%","1","1","1","0","1.00","0.04","1.00"
"1074979","LPDDFTGCVIAWNSNNLDSKVGGNYNYLYRLFRKSNLKPFERD","425","467","100%","4","1","1","0","0.25","0.01","0.74"
"1087618","LPDDFTGCVIAWNSNNLD","425","442","100%","20","0","0","1","0.00","0.00","0.13"
"1313043","LPDDFTGCVIAWNSN","425","439","100%","58","1","1","2","0.02","0.00","0.09"
"1310707","PDDFTGCVIAWNSNN","426","440","100%","21","0","0","2","0.00","0.00","0.13"
"1541908","PDDFTGCVIAWNSNNLDSKV","426","445","100%","1","1","1","0","1.00","0.04","1.00"
"1069293","DDFTGCVIAWNSNNL","427","441","100%","8","3","2","0","0.38","0.11","0.70"
"1087820","D428, F429, E516","428","516","100%","1","1","1","0","1.00","0.04","1.00"
"1329262","DFTGCVIAWNSNNLDSK","428","444","100%","1","0","0","1","0.00","0.00","0.94"
"1312501","FTGCVIAWNSNNLDS","429","443","100%","58","1","1","2","0.02","0.00","0.09"
"1436695","FTGCVIAWNSNNLDSKVGG","429","447","100%","1","1","1","0","1.00","0.04","1.00"
"1436694","FTGCVIAWNSNN","429","440","100%","1","0","0","1","0.00","0.00","0.94"
"1330186","TGCVIAWNSNNL","430","441","100%","1","0","0","1","0.00","0.00","0.94"
"1330190","TGCVIAWNSNNLDS","430","443","100%","1","1","1","0","1.00","0.04","1.00"
"1310437","GCVIAWNSNNLDSKV","431","445","100%","55","4","2","3","0.07","0.03","0.17"
"1392172","GCVIAWNSNNLDSKVGGNYN","431","450","100%","1","0","0","1","0.00","0.00","0.94"
"1438872","GCVIAWNSNNLD","431","442","100%","1","1","1","0","1.00","0.04","1.00"
"1397263","CVIAWNSKNLDSKVG","432","446","93.33%","1","1","1","0","1.00","0.04","1.00"
"1418591","CVIAWNSNNLDS","432","443","100%","1","1","1","0","1.00","0.04","1.00"
"1087772","VIAWNSNNLDSKVGGNYN","433","450","100%","20","0","0","1","0.00","0.00","0.13"
"1313864","VIAWNSNNLDSKVGG","433","447","100%","58","0","0","3","0.00","0.00","0.06"
"1338214","V433, I434, A435, W436, N437, S438, N439, N440, L441, D442, S443, K444, V445, G446, G447, N448, Y449, N450, Y451, L452, Y453, R454, L455, G496, F497, Q498, P499, T500, N501, G502, V503, G504, Y505, Q506, P507, Y508, R509, V510, V511, V512, L513","433","513","100%","1","1","1","0","1.00","0.04","1.00"
"1330292","VIAWNSNNLDSK","433","444","100%","1","1","1","0","1.00","0.04","1.00"
"1309490","IAWNSNNLDSKVGGNYNYLY","434","453","100%","120","2","1","0","0.02","0.00","0.06"
"1393702","AWNSNNLDSKVGGNYNY","435","451","100%","1","0","0","1","0.00","0.00","0.94"
"1414331","AWNSNNLDSKVG","435","446","100%","1","1","1","0","1.00","0.04","1.00"
"1539644","AWNSNNLDSKVGGNY","435","449","100%","7","0","0","1","0.00","0.00","0.33"
"1310945","WNSNNLDSKVGGNYN","436","450","100%","32","1","1","2","0.03","0.00","0.13"
"1543369","WNSNNLDSKVGGNYNYLYRL","436","455","100%","1","1","1","0","1.00","0.04","1.00"
"1532700","WNSNNLDSKVGG","436","447","100%","1","1","1","0","1.00","0.04","1.00"
"1311776","NSNNLDSKVGGN","437","448","100%","1","1","1","0","1.00","0.04","1.00"
"1313249","NSNNLDSKVGGNYNY","437","451","100%","58","1","1","2","0.02","0.00","0.09"
"1507416","SNNLDSKVGGNY","438","449","100%","1","1","1","0","1.00","0.04","1.00"
"1334470","NNLDSKVGGNYNYLYR","439","454","100%","20","2","1","0","0.10","0.02","0.27"
"1334678","N439","439","439","100%","1","1","1","0","1.00","0.04","1.00"
"1334679","N439, N440","439","440","100%","1","1","1","0","1.00","0.04","1.00"
"1334680","N439, N501","439","501","100%","1","1","1","0","1.00","0.04","1.00"
"1392577","N439, N440, S443, K444, V445, G446, G447, Y449, N450, S494, P499, T500, Q506","439","506","100%","1","1","1","0","1.00","0.04","1.00"
"1541791","NNLDSKVGGNYNYLY","439","453","100%","7","1","1","0","0.14","0.01","0.50"
"1075002","NLDSKVGGNY","440","449","100%","18","4","1","0","0.22","0.08","0.43"
"1330538","NLDSKVGGNYNYLYRLFRKSN","440","460","100%","5","5","1","0","1.00","0.55","1.00"
"1392000","N440","440","440","100%","1","1","1","0","1.00","0.04","1.00"
"1334681","N440","440","440","100%","1","1","1","0","1.00","0.04","1.00"
"1346819","N440, L441, S443, K444, V445, G446, G447, N448, Y449, N450, L452, F490, L492, Q493, S494, Y495, G496","440","496","100%","1","1","1","0","1.00","0.04","1.00"
"1397480","N440, L441, S443, K444, V445, Y449, T500","440","500","100%","6","6","1","0","1.00","0.61","1.00"
"1481690","NLDSKVGGNYNY","440","451","100%","1","0","0","1","0.00","0.00","0.94"
"1310565","LDSKVGGNYNYLYRL","441","455","100%","100","2","2","5","0.02","0.01","0.07"
"1087604","LDSKVGGNYNYLYRLFRK","441","458","100%","20","0","0","1","0.00","0.00","0.13"
"1332591","LDSKVGGNYNYLYRLFRKSNLKPF","441","464","100%","64","2","1","0","0.03","0.01","0.11"
"1335934","L441","441","441","100%","4","2","1","0","0.50","0.10","0.89"
"1392259","LDSKVGGNYNYLYRLFRKSN","441","460","100%","1","0","0","1","0.00","0.00","0.94"
"1465145","LDSKVGGNYNYLYRLFRKS","441","459","100%","1","1","1","0","1.00","0.04","1.00"
"1465144","LDSKVGGNYNYL","441","452","100%","1","1","1","0","1.00","0.04","1.00"
"1315542","DSKVGGNYNY","442","451","100%","4","1","1","0","0.25","0.01","0.74"
"1393735","DSKVGGNYNYLYRLFRK","442","458","100%","12","2","1","0","0.17","0.03","0.43"
"1424097","DSKVGGNYNYLY","442","453","100%","1","1","1","0","1.00","0.04","1.00"
"1314089","S443, V445, G446, G447, Y449, G496, Q498, P499, T500","443","500","100%","1","1","1","0","1.00","0.04","1.00"
"1505925","SKVGGNYNYLYR","443","454","100%","1","1","1","0","1.00","0.04","1.00"
"1542511","SKVGGNYNYLYRLFR","443","457","100%","7","1","1","0","0.14","0.01","0.50"
"1391797","K444, G447","444","447","100%","10","6","1","0","0.60","0.30","0.84"
"1309506","KVGGNYNYLYRLFRKSNLKP","444","463","100%","120","6","1","0","0.05","0.02","0.10"
"1311244","K444, G446, Y449, N450, L452, N481, G482, V483, E484, G485, F490","444","490","100%","15","12","1","0","0.80","0.56","0.94"
"1311392","KVGGNYNYL","444","452","100%","1","0","0","1","0.00","0.00","0.94"
"1320009","KVGGNYNYLY","444","453","100%","4","1","1","0","0.25","0.01","0.74"
"1335930","K444","444","444","100%","4","1","1","0","0.25","0.01","0.74"
"1335931","K444, G446","444","446","100%","1","1","1","0","1.00","0.04","1.00"
"1335932","K444, V445, G446","444","446","100%","1","1","1","0","1.00","0.04","1.00"
"1336259","K444","444","444","100%","11","1","1","0","0.09","0.00","0.35"
"1338783","K444, V445, G446, L452, L455, F456, T470, E471, I472, S494","444","494","100%","1","1","1","0","1.00","0.04","1.00"
"1338782","K444, V445, G446","444","446","100%","36","1","1","0","0.03","0.00","0.12"
"1346697","K444, G447, N448, Y449, L452, F490, S494","444","494","100%","1","1","1","0","1.00","0.04","1.00"
"1392253","KVGGNYNYLYRLFRK","444","458","100%","1","1","1","0","1.00","0.04","1.00"
"1539321","K444, G446, N450, S494","444","494","100%","1","1","1","0","1.00","0.04","1.00"
"1073698","VGGNYNYLYRLFRKS","445","459","100%","60","2","2","3","0.03","0.01","0.11"
"1326471","VGGNYNYLY","445","453","100%","4","2","1","0","0.50","0.10","0.89"
"1334441","V445, G446, Y449, F456, T478, N481, V483, E484, G485, F486, N487, Y489, F490, L492, Q493, S494, Q498, T500","445","500","100%","1","1","1","0","1.00","0.04","1.00"
"1336268","V445","445","445","100%","11","1","1","0","0.09","0.00","0.35"
"1330284","VGGNYNYLYRLFRKSNLKP","445","463","100%","1","1","1","0","1.00","0.04","1.00"
"1397454","VGGNYNYRYRLFRKS","445","459","93.33%","1","0","0","1","0.00","0.00","0.94"
"1523833","VGGNYNYLYRLF","445","456","100%","1","0","0","1","0.00","0.00","0.94"
"1309117","GGNYNYLYRLFRKSN","446","460","100%","64","4","3","3","0.06","0.02","0.15"
"1087140","G446, Y449, E484, G485, F486, Y489, F490, L492, Q493, S494, G496, Q498, N501, Y505","446","505","100%","1","1","1","0","1.00","0.04","1.00"
"1310037","G446, Y449, F456, A475, V483, E484, G485, F486, N487, Y489, Q493","446","493","100%","1","1","1","0","1.00","0.04","1.00"
"1310988","G446, Y449, Y453, L455, F456, A475, G476, S477, T478, G485, F486, N487, Y489, Q493, Y495, Q498, N501, Y505","446","505","100%","1","1","1","0","1.00","0.04","1.00"
"1311243","G446, Y449, N481, G482, V483, E484, G485, F486, F490, S494","446","494","100%","42","42","1","0","1.00","0.93","1.00"
"1314087","G446, G447, N448, N450, L452, E484, F490","446","490","100%","1","1","1","0","1.00","0.04","1.00"
"1335923","G446","446","446","100%","4","2","1","0","0.50","0.10","0.89"
"1335924","G446, E484","446","484","100%","1","1","1","0","1.00","0.04","1.00"
"1335925","G446, N450, L452, E484, F490","446","490","100%","1","1","1","0","1.00","0.04","1.00"
"1336254","G446","446","446","100%","11","3","1","0","0.27","0.08","0.55"
"1338779","G446, G447, Y449, F456, T470, V483, E484, G485, F486, C488, Y489, F490, P491, L492, Q493, S494, Q498","446","498","100%","1","1","1","0","1.00","0.04","1.00"
"1347685","G446, N448, Y449, L452, E484, G485, F486, N487, Y489, F490, L492, Q493, S494","446","494","100%","1","1","1","0","1.00","0.04","1.00"
"1391788","G446, Y449, L452, T478, V483, E484, G485, F486, N487, Y489, F490, L492, Q493, S494, G496, Q498","446","498","100%","1","1","1","0","1.00","0.04","1.00"
"1397477","G446, L452, E484","446","484","100%","6","6","1","0","1.00","0.61","1.00"
"1540464","GGNYNYLYRLFRKSNLKPFE","446","465","100%","1","1","1","0","1.00","0.04","1.00"
"1397134","GGNYNYLYRLFRKSNLKPFERDI","446","468","100%","15","7","1","0","0.47","0.24","0.69"
"1440442","GGNYNYLYRLFR","446","457","100%","1","0","0","1","0.00","0.00","0.94"
"1307795","G447, Y449, N450, L452, L455, F456, T470, G482, V483, E484, Y489, F490, L492, Q493, S494","447","494","100%","1","1","1","0","1.00","0.04","1.00"
"1329486","GNYNYLYRLF","447","456","100%","4","2","1","0","0.50","0.10","0.89"
"1336255","G447","447","447","100%","11","4","1","0","0.36","0.13","0.64"
"1329488","GNYNYLYRLFRK","447","458","100%","1","0","0","1","0.00","0.00","0.94"
"1329491","GNYNYLYRLFRKSNL","447","461","100%","7","0","0","1","0.00","0.00","0.33"
"1075012","NYNYLYRLFRK","448","458","100%","36","10","1","0","0.28","0.16","0.42"
"1313269","NYNYLYRLF","448","456","100%","28","12","6","0","0.43","0.27","0.59"
"1391895","NYNYLYRLFRKSNLKPFER","448","466","100%","86","0","0","1","0.00","0.00","0.04"
"1336261","N448","448","448","100%","11","3","1","0","0.27","0.08","0.55"
"1485496","NYNYLYRLFRKS","448","459","100%","1","0","0","1","0.00","0.00","0.94"
"1181325","Y449, Y453, L455, F456, E484, G485, F486, Y489, F490, L492, Q493, S494","449","494","100%","1","1","1","0","1.00","0.04","1.00"
"1087807","YNYLYRLFRKSNLKPFER","449","466","100%","20","0","0","1","0.00","0.00","0.13"
"1329040","Y449, N450, L452, Y453, L455, V483, E484, Y489, F490, L492, Q493, S494","449","494","100%","1","1","1","0","1.00","0.04","1.00"
"1328431","YNYLYRLFR","449","457","100%","2","1","1","0","0.50","0.02","0.97"
"1314023","YNYLYRLFRKSNLKP","449","463","100%","17","4","3","1","0.24","0.08","0.45"
"1346810","Y449, L452, T470, E471, I472, N481, G482, V483, E484, G485, F486, F490, L492, Q493, S494","449","494","100%","5","5","1","0","1.00","0.55","1.00"
"1392003","Y449, Y453, F456, A475, Y489, Q493","449","493","100%","1","1","1","0","1.00","0.04","1.00"
"1336271","Y449","449","449","100%","11","4","1","0","0.36","0.13","0.64"
"1346827","Y449, L455, F456, V483, E484, G485, F486, Y489, F490, L492, Q493, S494","449","494","100%","1","1","1","0","1.00","0.04","1.00"
"1346705","Y449, F456, E484, F486","449","486","100%","1","1","1","0","1.00","0.04","1.00"
"1346706","Y449, L455, F456, E484, F486","449","486","100%","1","1","1","0","1.00","0.04","1.00"
"1330382","YNYLYRLFRKSNLKPFE","449","465","100%","1","0","0","1","0.00","0.00","0.94"
"1391796","Y449, L455, F456, V483, E484, G485, F486, Y489, F490, Q493, S494","449","494","100%","1","1","1","0","1.00","0.04","1.00"
"1397484","Y449, L455, F456, A475, S477, V483, E484, G485, F486, N487, C488, Y489, F490, Q493, S494, Q498","449","498","100%","1","1","1","0","1.00","0.04","1.00"
"1392555","Y449, Y453, L455, F456, A475, E484, G485, F486, N487, Y489, F490, Q493, S494","449","494","100%","4","4","1","0","1.00","0.47","1.00"
"1556268","Y449, L455, F456, E484, G485, F486, Y489, F490, L492, Q493, S494","449","494","100%","1","1","1","0","1.00","0.04","1.00"
"1536821","YNYLYRLFRKSN","449","460","100%","1","0","0","1","0.00","0.00","0.94"
"1335938","N450","450","450","100%","18","2","1","0","0.11","0.02","0.30"
"1335939","N450, S477, P499","450","499","100%","1","1","1","0","1.00","0.04","1.00"
"1336262","N450","450","450","100%","11","2","1","0","0.18","0.03","0.46"
"1386507","NYLYRLFRKSNLKPFERDIS","450","469","100%","1","1","1","0","1.00","0.04","1.00"
"1485470","NYLYRLFRKSNL","450","461","100%","1","0","0","1","0.00","0.00","0.94"
"1074201","YLYRLFRKSNLKPFE","451","465","100%","130","6","4","4","0.05","0.02","0.10"
"1392532","YLYRLFRKSNLKPFERDIST","451","470","100%","1","0","0","1","0.00","0.00","0.94"
"1536336","YLYRLFRKSNLK","451","462","100%","1","0","0","1","0.00","0.00","0.94"
"1335935","L452","452","452","100%","4","3","1","0","0.75","0.25","0.99"
"1336260","L452","452","452","100%","26","3","2","0","0.12","0.03","0.26"
"1338784","L452, I472, V483, E484, G485, F486, F490, Q493, S494","452","494","100%","1","1","1","0","1.00","0.04","1.00"
"1346815","L452, L455, F456, I472, N481, G482, V483, E484, G485, F486, Y489, F490","452","490","100%","7","7","1","0","1.00","0.65","1.00"
"1314038","YRLFRKSNLKPFERD","453","467","100%","58","2","1","2","0.03","0.01","0.12"
"1537321","YRLFRKSNLKPF","453","464","100%","1","0","0","1","0.00","0.00","0.94"
"1075031","RLFRKSNLK","454","462","100%","76","2","2","4","0.03","0.01","0.09"
"1309573","RLFRKSNLKPFERDISTEIY","454","473","100%","120","10","1","0","0.08","0.05","0.15"
"1311813","RLFRKSNLKP","454","463","100%","1","1","1","0","1.00","0.04","1.00"
"1498664","RLFRKSNLKPFE","454","465","100%","1","1","1","0","1.00","0.04","1.00"
"1181324","L455, A475, G502","455","502","100%","4","4","1","0","1.00","0.47","1.00"
"1311114","L455, Y473, A475, G476, S477, E484, G485, F486, N487, C488, Y489","455","489","100%","1","1","1","0","1.00","0.04","1.00"
"1334438","L455, T470, E471, N481, G482, V483, E484, G485, F486, Y489, F490, L492, Q493","455","493","100%","1","1","1","0","1.00","0.04","1.00"
"1334436","L455, T470, E471, N481, G482, V483, E484, G485, F486, Y489, F490, L492, Q493","455","493","100%","1","1","1","0","1.00","0.04","1.00"
"1334467","LFRKSNLKPFERDIS","455","469","100%","27","4","2","0","0.15","0.05","0.30"
"1338786","L455, F456, T470, E471, I472","455","472","100%","1","1","1","0","1.00","0.04","1.00"
"1338785","L455, F456, S494, N501","455","501","100%","1","1","1","0","1.00","0.04","1.00"
"1346816","L455, F456, K458, Y473, A475, G476, S477, T478, G485, F486, N487, Y489, Q493","455","493","100%","1","1","1","0","1.00","0.04","1.00"
"1346817","L455, K458, Y473, A475, G476, S477, T478, G485, F486, N487, C488, Y489, Q493","455","493","100%","7","7","1","0","1.00","0.65","1.00"
"1346699","L455, F456, E484, Y489, F490, Q493","455","493","100%","1","1","1","0","1.00","0.04","1.00"
"1346698","L455, F456, E484, F486, F490, Q493","455","493","100%","1","1","1","0","1.00","0.04","1.00"
"1346700","L455, F456, I472, E484, F486, Q493, G496","455","496","100%","1","1","1","0","1.00","0.04","1.00"
"1539322","L455, F456, A475, G476, S477, T478, E484, F486, N487, Y489","455","489","100%","1","1","1","0","1.00","0.04","1.00"
"1466211","LFRKSNLKPFER","455","466","100%","1","0","0","1","0.00","0.00","0.94"
"1310418","FRKSNLKPFERDIST","456","470","100%","22","1","1","2","0.05","0.00","0.19"
"1334662","F456, A475, E484, F486, Y489","456","489","100%","5","5","1","0","1.00","0.55","1.00"
"1336252","F456","456","456","100%","11","11","1","0","1.00","0.76","1.00"
"1346695","F456, E484","456","484","100%","2","2","1","0","1.00","0.22","1.00"
"1393770","FRKSNLKPFERDISTEI","456","472","100%","1","0","0","1","0.00","0.00","0.94"
"1540323","FRKSNLKPFERDISTEIYQA","456","475","100%","1","1","1","0","1.00","0.04","1.00"
"1397518","F456, Y473, A475, G476, S477, T478, V483, E484, G485, F486, N487, C488, Y489","456","489","100%","1","1","1","0","1.00","0.04","1.00"
"1435857","FRKSNLKPFERD","456","467","100%","1","1","1","0","1.00","0.04","1.00"
"1072366","RKSNLKPFERDISTE","457","471","100%","59","2","1","3","0.03","0.01","0.12"
"1087707","RKSNLKPFERDISTEIYQ","457","474","100%","20","0","0","1","0.00","0.00","0.13"
"1319957","KSNLKPFER","458","466","100%","2","1","1","0","0.50","0.02","0.97"
"1335933","K458, E484, F490","458","490","100%","1","1","1","0","1.00","0.04","1.00"
"1392247","KSNLKPFERDISTEI","458","472","100%","1","0","0","1","0.00","0.00","0.94"
"1333689","SNLKPFERDISTEIY","459","473","100%","35","7","2","0","0.20","0.10","0.34"
"1507368","SNLKPFERDIST","459","470","100%","1","1","1","0","1.00","0.04","1.00"
"1311773","NLKPFERD","460","467","100%","1","1","1","0","1.00","0.04","1.00"
"1481842","NLKPFERDISTE","460","471","100%","1","1","1","0","1.00","0.04","1.00"
"1310589","LKPFERDISTEIYQA","461","475","100%","112","4","3","5","0.04","0.01","0.09"
"1338498","LKPFERDISTEIYQAGSTPCNGVEGFNCYFPLQ","461","493","100%","2","2","2","0","1.00","0.22","1.00"
"1392268","LKPFERDISTEIYQAGSTPC","461","480","100%","1","0","0","1","0.00","0.00","0.94"
"1397363","LKPFERDFSTEIYQA","461","475","93.33%","1","0","0","1","0.00","0.00","0.94"
"1397364","LKPFERDTSTEIYQA","461","475","93.33%","1","0","0","1","0.00","0.00","0.94"
"1468277","LKPFERDISTEI","461","472","100%","1","1","1","0","1.00","0.04","1.00"
"1074954","KPFERDISTEIY","462","473","100%","37","5","1","1","0.14","0.05","0.26"
"1319894","KPFERDISTEI","462","472","100%","10","2","1","1","0.20","0.04","0.49"
"1393978","PFERDISTEIYQAGSTP","463","479","100%","1","0","0","1","0.00","0.00","0.94"
"1541927","PFERDISTEIYQAGS","463","477","100%","7","0","0","1","0.00","0.00","0.33"
"1309468","FERDISTEIYQAGSTPCNGV","464","483","100%","120","6","1","0","0.05","0.02","0.10"
"1316352","FERDISTEI","464","472","100%","5","1","1","0","0.20","0.01","0.64"
"1316353","FERDISTEIY","464","473","100%","7","2","2","0","0.29","0.05","0.64"
"1432366","FERDISTEIYQA","464","475","100%","1","1","1","0","1.00","0.04","1.00"
"1087499","ERDISTEIYQAGSTPCNG","465","482","100%","21","1","1","1","0.05","0.00","0.20"
"1312380","ERDISTEIYQAGSTP","465","479","100%","58","3","1","2","0.05","0.02","0.14"
"1310761","RDISTEIYQAGSTPC","466","480","100%","21","0","0","2","0.00","0.00","0.13"
"1329990","RDISTEIYQAGSTPCNGVEG","466","485","100%","1","1","1","0","1.00","0.04","1.00"
"1496905","RDISTEIYQAGS","466","477","100%","1","1","1","0","1.00","0.04","1.00"
"1336532","DISTEIYQAGSTPCNGVEGFNCYFPLQSYGFQPTNGVGYQPYRVVVL","467","513","100%","1","1","1","0","1.00","0.04","1.00"
"1336531","DISTEIYQAGSTPCNGVEGFNCY","467","489","100%","1","1","1","0","1.00","0.04","1.00"
"1539888","DISTEIYQAGSTPCN","467","481","100%","7","0","0","1","0.00","0.00","0.33"
"1397344","ISTEIYQVGSTPCNG","468","482","93.33%","1","0","0","1","0.00","0.00","0.94"
"1454838","ISTEIYQAGSTP","468","479","100%","1","1","1","0","1.00","0.04","1.00"
"1313689","STEIYQAGSTPCNGV","469","483","100%","59","1","1","3","0.02","0.00","0.09"
"1509874","STEIYQAGSTPC","469","480","100%","1","0","0","1","0.00","0.00","0.94"
"1335256","TEIYQAGST","470","478","100%","1","1","1","0","1.00","0.04","1.00"
"1338788","T470, E471, I472","470","472","100%","36","7","1","0","0.19","0.09","0.33"
"1338789","T470, E471, I472, N501","470","501","100%","1","1","1","0","1.00","0.04","1.00"
"1394090","TEIYQAGSTPCNGVEGF","470","486","100%","1","0","0","1","0.00","0.00","0.94"
"1513466","TEIYQAGSTPCN","470","481","100%","1","0","0","1","0.00","0.00","0.94"
"1310360","EIYQAGSTPCNGVEG","471","485","100%","61","3","3","3","0.05","0.02","0.13"
"1392132","EIYQAGST","471","478","100%","1","1","1","0","1.00","0.04","1.00"
"1392133","EIYQAGSTPCNGVEGFNCYF","471","490","100%","1","1","1","0","1.00","0.04","1.00"
"1428029","EIYQAGSTPCNG","471","482","100%","1","1","1","0","1.00","0.04","1.00"
"1311387","IYQAGSTPC","472","480","100%","1","0","0","1","0.00","0.00","0.94"
"1337002","IYQAGSTPCNGVEGFNCYFPLQSY","472","495","100%","1","1","1","0","1.00","0.04","1.00"
"1336257","I472","472","472","100%","11","2","1","0","0.18","0.03","0.46"
"1383172","IYQAGSTPCNGVEGFNCYFP","472","491","100%","10","10","4","0","1.00","0.74","1.00"
"1456376","IYQAGSTPCNGVEGFNCY","472","489","100%","1","1","1","0","1.00","0.04","1.00"
"1087808","YQAGSTPCNGVEGFNCYF","473","490","100%","20","0","0","1","0.00","0.00","0.13"
"1314028","YQAGSTPCNGVEGFN","473","487","100%","79","4","3","2","0.05","0.02","0.12"
"1336272","Y473","473","473","100%","11","1","1","0","0.09","0.00","0.35"
"1346828","Y473, A475, T478, F486, N487","473","487","100%","1","1","1","0","1.00","0.04","1.00"
"1537037","YQAGSTPCNGVE","473","484","100%","1","1","1","0","1.00","0.04","1.00"
"1309554","QAGSTPCNGVEGFNCYFPLQ","474","493","100%","120","4","1","0","0.03","0.01","0.08"
"1335941","Q474, G476, S477, P479","474","479","100%","1","1","1","0","1.00","0.04","1.00"
"1397553","Q474, A475, G476, S477, T478, P479, F486, N487, Y489","474","489","100%","1","1","1","0","1.00","0.04","1.00"
"1397481","Q474, G476, S477, T478, P479, F486, P499","474","499","100%","1","1","1","0","1.00","0.04","1.00"
"1069064","AGSTPCNGVEGFNCY","475","489","100%","8","2","1","1","0.25","0.05","0.59"
"1074326","A475, V483, F486, S494","475","494","100%","1","1","1","0","1.00","0.04","1.00"
"1334451","AGSTPCNGVEGFNCYFPLQSYGFQP","475","499","100%","5","5","1","0","1.00","0.55","1.00"
"1334668","A475, N501","475","501","100%","1","1","1","0","1.00","0.04","1.00"
"1310461","GSTPCNGVEGFNCYF","476","490","100%","21","0","0","2","0.00","0.00","0.13"
"1335926","G476, N501, Y508","476","508","100%","1","1","1","0","1.00","0.04","1.00"
"1335928","G476, T478, P479, F486","476","486","100%","1","1","1","0","1.00","0.04","1.00"
"1335927","G476, S477, T478, P479, F486","476","486","100%","1","1","1","0","1.00","0.04","1.00"
"1397478","G476, S477, T478, P479, F486, P499","476","499","100%","1","1","1","0","1.00","0.04","1.00"
"1540593","GSTPCNGVEGFNCYFPLQSY","476","495","100%","1","1","1","0","1.00","0.04","1.00"
"1397317","GSTPCNGAEGFNCYF","476","490","93.33%","1","0","0","1","0.00","0.00","0.94"
"1444216","GSTPCNGVEGFN","476","487","100%","1","1","1","0","1.00","0.04","1.00"
"1313696","STPCNGVEGFNCYFP","477","491","100%","67","7","3","1","0.10","0.05","0.20"
"1335944","S477","477","477","100%","18","2","1","0","0.11","0.02","0.30"
"1335947","S477, T478","477","478","100%","1","1","1","0","1.00","0.04","1.00"
"1335948","S477, V483, E484","477","484","100%","1","1","1","0","1.00","0.04","1.00"
"1335946","S477, S514","477","514","100%","4","2","1","0","0.50","0.10","0.89"
"1335945","S477, F486","477","486","100%","1","1","1","0","1.00","0.04","1.00"
"1394075","STPCNGVEGFNCYFPLQ","477","493","100%","1","0","0","1","0.00","0.00","0.94"
"1392570","S477","477","477","100%","15","1","1","0","0.07","0.00","0.27"
"1397435","STPCNGVKGFNCYFP","477","491","93.33%","1","0","0","1","0.00","0.00","0.94"
"1510221","STPCNGVEGFNC","477","488","100%","1","1","1","0","1.00","0.04","1.00"
"1335952","T478","478","478","100%","4","2","1","0","0.50","0.10","0.89"
"1517496","TPCNGVEGFNCY","478","489","100%","1","1","1","0","1.00","0.04","1.00"
"1311780","PCNGVEGFNC","479","488","100%","1","1","1","0","1.00","0.04","1.00"
"1541903","PCNGVEGFNCYFPLQ","479","493","100%","7","0","0","1","0.00","0.00","0.33"
"1315225","CNGVEGFNCYFPLQS","480","494","100%","301","183","1","0","0.61","0.55","0.66"
"1378185","CNGVEGFNCYFPLQSYGFQP","480","499","100%","1","1","1","0","1.00","0.04","1.00"
"1417230","CNGVEGFNCYFP","480","491","100%","1","0","0","1","0.00","0.00","0.94"
"1071575","NGVEGFNCYFPLQSY","481","495","100%","107","4","2","6","0.04","0.01","0.09"
"1075001","NGVEGFNCY","481","489","100%","36","2","1","0","0.06","0.01","0.16"
"1087656","NGVEGFNCYFPLQSYGFQ","481","498","100%","21","1","1","1","0.05","0.00","0.20"
"1311409","NGVEGFNCYFPLQSYGFQPTNGVGY","481","505","100%","1","0","0","1","0.00","0.00","0.94"
"1332894","NGVEGFNCYFPLQSYGFQPTNGVGYQPYRV","481","510","100%","64","1","1","0","0.02","0.00","0.08"
"1392323","NGVEGFNCYFPLQSYGFQPT","481","500","100%","1","0","0","1","0.00","0.00","0.94"
"1480540","NGVEGFNCYFPL","481","492","100%","1","1","1","0","1.00","0.04","1.00"
"1445018","GVEGFNCYFPLQ","482","493","100%","1","1","1","0","1.00","0.04","1.00"
"1346703","V483, E484, G485, F486","483","486","100%","1","1","1","0","1.00","0.04","1.00"
"1347693","V483, E484, F486, Y489","483","489","100%","1","1","1","0","1.00","0.04","1.00"
"1397221","VEGFNCYFPLQSYGFQPT","483","500","100%","15","7","1","0","0.47","0.24","0.69"
"1397453","VEGFNCYLPLQSYGF","483","497","93.33%","1","1","1","0","1.00","0.04","1.00"
"1522817","VEGFNCYFPLQS","483","494","100%","1","1","1","0","1.00","0.04","1.00"
"1543053","VEGFNCYFPLQSYGF","483","497","100%","7","1","1","0","0.14","0.01","0.50"
"1309459","EGFNCYFPLQSYGFQPTNGV","484","503","100%","120","2","1","0","0.02","0.00","0.06"
"1314085","E484, F490","484","490","100%","2","2","2","0","1.00","0.22","1.00"
"1330444","EGFNCYFPLQ","484","493","100%","4","4","1","0","1.00","0.47","1.00"
"1330446","EGFNCYFPLQSYGFQPTNGVGYQPYRVVVLSFELL","484","518","100%","5","4","1","0","0.80","0.34","0.99"
"1330445","EGFNCYFPLQSYGFQ","484","498","100%","5","0","0","1","0.00","0.00","0.43"
"1334669","E484","484","484","100%","1","1","1","0","1.00","0.04","1.00"
"1334670","E484, N501, R683","484","683","100%","1","1","1","0","1.00","0.04","1.00"
"1334671","E484, Q493","484","493","100%","1","1","1","0","1.00","0.04","1.00"
"1334672","E484, Q493, R683","484","683","100%","1","1","1","0","1.00","0.04","1.00"
"1334673","E484, R683","484","683","100%","1","1","1","0","1.00","0.04","1.00"
"1334493","E484","484","484","100%","1","1","1","0","1.00","0.04","1.00"
"1336251","E484","484","484","100%","35","10","4","0","0.29","0.16","0.43"
"1334684","E484, F490, Q493","484","493","100%","1","1","1","0","1.00","0.04","1.00"
"1334685","E484, Q493","484","493","100%","1","1","1","0","1.00","0.04","1.00"
"1335914","E484","484","484","100%","39","25","3","0","0.64","0.50","0.76"
"1335915","E484, F486","484","486","100%","1","1","1","0","1.00","0.04","1.00"
"1346812","E484, D614, V1176","484","1176","100%","92","37","1","0","0.40","0.31","0.50"
"1393655","E484, N501","484","501","100%","25","21","2","0","0.84","0.67","0.94"
"1346693","E484, G485","484","485","100%","1","1","1","0","1.00","0.04","1.00"
"1346694","E484, G485, F486","484","486","100%","1","1","1","0","1.00","0.04","1.00"
"1393743","EGFNCYFPLQSYGFQPT","484","500","100%","1","0","0","1","0.00","0.00","0.94"
"1397529","E484","484","484","100%","1","1","1","0","1.00","0.04","1.00"
"1427424","EGFNCYFPLQSY","484","495","100%","1","0","0","1","0.00","0.00","0.94"
"1312542","GFNCYFPLQSYGFQP","485","499","100%","58","0","0","3","0.00","0.00","0.06"
"1334663","G485, F486, N487, Y489","485","489","100%","1","1","1","0","1.00","0.04","1.00"
"1336256","G485","485","485","100%","11","1","1","0","0.09","0.00","0.35"
"1439931","GFNCYFPLQSYG","485","496","100%","1","0","0","1","0.00","0.00","0.94"
"1310412","FNCYFPLQSYGFQPT","486","500","100%","33","2","2","1","0.06","0.01","0.17"
"1314086","F486, N487","486","487","100%","12","12","3","0","1.00","0.78","1.00"
"1335921","F486","486","486","100%","4","1","1","0","0.25","0.01","0.74"
"1540297","FNCYFPLQSYGFQPTNGVGY","486","505","100%","1","1","1","0","1.00","0.04","1.00"
"1434904","FNCYFPLQSYGF","486","497","100%","1","0","0","1","0.00","0.00","0.94"
"1071518","NCYFPLQSYGFQPTN","487","501","100%","8","1","1","1","0.13","0.01","0.46"
"1391798","N487","487","487","100%","1","1","1","0","1.00","0.04","1.00"
"1334664","N487, Q493, N501","487","501","100%","1","1","1","0","1.00","0.04","1.00"
"1479049","NCYFPLQSYGFQ","487","498","100%","1","0","0","1","0.00","0.00","0.94"
"1330431","CYFPLQSYGFQPTNGVGYQPY","488","508","100%","5","5","1","0","1.00","0.55","1.00"
"1391826","CYFPLQSYGFQPTNGVGYQP","488","507","100%","28","0","0","1","0.00","0.00","0.10"
"1418941","CYFPLQSYGFQP","488","499","100%","1","0","0","1","0.00","0.00","0.94"
"1075121","YFPLQSYGF","489","497","100%","57","4","2","3","0.07","0.03","0.17"
"1087797","YFPLQSYGFQPTNGVGYQ","489","506","100%","21","1","1","1","0.05","0.00","0.20"
"1313990","YFPLQSYGFQPTNGV","489","503","100%","62","3","1","3","0.05","0.02","0.13"
"1534572","YFPLQSYGFQPT","489","500","100%","1","1","1","0","1.00","0.04","1.00"
"1335922","F490","490","490","100%","4","3","1","0","0.75","0.25","0.99"
"1336253","F490","490","490","100%","11","3","1","0","0.27","0.08","0.55"
"1435452","FPLQSYGFQPTN","490","501","100%","1","0","0","1","0.00","0.00","0.94"
"1310721","PLQSYGFQPTNGVGY","491","505","100%","48","0","0","4","0.00","0.00","0.06"
"1393984","PLQSYGFQPTNGVGYQP","491","507","100%","1","0","0","1","0.00","0.00","0.94"
"1392355","PLQSYGFQPTNGVGYQPYRV","491","510","100%","1","0","0","1","0.00","0.00","0.94"
"1397393","PLQSYGFQPTNGVGT","491","506","93.33%","1","0","0","1","0.00","0.00","0.94"
"1488409","PLQSYGFQPTNG","491","502","100%","1","1","1","0","1.00","0.04","1.00"
"1397166","LQSYGFQPTNGVGYQPY","492","508","100%","15","8","1","0","0.53","0.30","0.75"
"1471598","LQSYGFQPTNGV","492","503","100%","1","0","0","1","0.00","0.00","0.94"
"1313385","QSYGFQPTNGVGYQP","493","507","100%","58","0","0","3","0.00","0.00","0.06"
"1398141","Q493","493","493","100%","4","1","1","0","0.25","0.01","0.74"
"1495380","QSYGFQPTNGVG","493","504","100%","1","1","1","0","1.00","0.04","1.00"
"1309589","SYGFQPTNGVGYQPYRVVVL","494","513","100%","120","1","1","0","0.01","0.00","0.05"
"1330610","SYGFQPTNGVGYQPY","494","508","100%","5","5","1","0","1.00","0.55","1.00"
"1335949","S494","494","494","100%","4","1","1","0","0.25","0.01","0.74"
"1336267","S494","494","494","100%","47","8","2","0","0.17","0.09","0.28"
"1397439","SYGFQPTYGVGYQPY","494","508","93.33%","1","1","1","0","1.00","0.04","1.00"
"1511771","SYGFQPTNGVGY","494","505","100%","1","1","1","0","1.00","0.04","1.00"
"1328001","YGFQPTNGV","495","503","100%","4","1","1","0","0.25","0.01","0.74"
"1334489","YGFQPTNGVGYQPYR","495","509","100%","12","7","2","0","0.58","0.31","0.81"
"1534798","YGFQPTNGVGYQ","495","506","100%","1","0","0","1","0.00","0.00","0.94"
"1310441","GFQPTNGVGYQPYRV","496","510","100%","21","0","0","2","0.00","0.00","0.13"
"1540449","GFQPTNGVGYQPYRVVVLSF","496","515","100%","1","1","1","0","1.00","0.04","1.00"
"1439989","GFQPTNGVGYQP","496","507","100%","1","1","1","0","1.00","0.04","1.00"
"1087346","FQPTNGVGY","497","505","100%","36","3","1","0","0.08","0.02","0.20"
"1087520","FQPTNGVGYQPYRVVVLS","497","514","100%","20","0","0","1","0.00","0.00","0.13"
"1311351","FQPTNGVGYQPYRVVVLSFELLHAP","497","521","100%","1","0","0","1","0.00","0.00","0.94"
"1312486","FQPTNGVGYQPYRVV","497","511","100%","58","0","0","3","0.00","0.00","0.06"
"1435711","FQPTNGVGYQPY","497","508","100%","1","1","1","0","1.00","0.04","1.00"
"1394011","QPTNGVGYQPYRVVVLS","498","514","100%","1","0","0","1","0.00","0.00","0.94"
"1494420","QPTNGVGYQPYR","498","509","100%","1","1","1","0","1.00","0.04","1.00"
"1075016","PTNGVGYQPYRVVVLSFELLHAPATVCGPKKSTNLVKNKCVNF","499","541","100%","4","2","1","0","0.50","0.10","0.89"
"1330553","PTNGVGYQPYRVVVL","499","513","100%","12","0","0","2","0.00","0.00","0.21"
"1335940","P499","499","499","100%","4","1","1","0","0.25","0.01","0.74"
"1336264","P499","499","499","100%","11","1","1","0","0.09","0.00","0.35"
"1490407","PTNGVGYQPYRV","499","510","100%","1","0","0","1","0.00","0.00","0.94"
"1087822","T500, N501, G502","500","502","100%","1","1","1","0","1.00","0.04","1.00"
"1310660","NGVGYQPYRVVVLSF","501","515","100%","96","1","1","5","0.01","0.00","0.06"
"1334682","N501","501","501","100%","1","1","1","0","1.00","0.04","1.00"
"1338787","N501","501","501","100%","3","3","3","0","1.00","0.37","1.00"
"1392324","NGVGYQPYRVVVLSFELLHA","501","520","100%","1","1","1","0","1.00","0.04","1.00"
"1397530","N501","501","501","100%","1","1","1","0","1.00","0.04","1.00"
"1397521","N501","501","501","100%","20","1","1","0","0.05","0.00","0.21"
"1397378","NGVGYQPHRVVVLSF","501","515","93.33%","1","1","1","0","1.00","0.04","1.00"
"1334184","VGYQPYRVV","503","511","100%","3","1","1","0","0.33","0.01","0.85"
"1335955","V503","503","503","100%","1","1","1","0","1.00","0.04","1.00"
"1543107","VGYQPYRVVVLSFEL","503","517","100%","7","2","1","0","0.29","0.05","0.64"
"1074918","GYQPYRVVVLSF","504","515","100%","37","12","1","1","0.32","0.20","0.47"
"1309482","GYQPYRVVVLSFELLHAPAT","504","523","100%","120","4","1","0","0.03","0.01","0.08"
"1311698","GYQP","504","507","100%","1","1","1","0","1.00","0.04","1.00"
"1330478","GYQPYRVVVLSFELL","504","518","100%","5","0","0","1","0.00","0.00","0.43"
"1547652","GYQPYRVVV","504","512","100%","8","0","0","1","0.00","0.00","0.30"
"1087809","YQPYRVVVLSFELLHAPA","505","522","100%","20","0","0","1","0.00","0.00","0.13"
"1314034","YQPYRVVVLSFELLH","505","519","100%","58","7","2","1","0.12","0.06","0.23"
"1334394","YQPYRVVVL","505","513","100%","3","1","1","0","0.33","0.01","0.85"
"1394171","YQPYRVVVLSFELLHAP","505","521","100%","1","0","0","1","0.00","0.00","0.94"
"1310747","QPYRVVVLSFELLHA","506","520","100%","40","5","2","2","0.13","0.05","0.24"
"51999","QPYRVVVLSF","506","515","100%","4","1","1","0","0.25","0.01","0.74"
"1323467","QPYRVVVL","506","513","100%","10","3","1","1","0.30","0.09","0.59"
"1542166","QPYRVVVLSFELLHAPATVC","506","525","100%","1","1","1","0","1.00","0.04","1.00"
"50166","PYRVVVLSF","507","515","100%","17","0","0","3","0.00","0.00","0.15"
"1542062","PYRVVVLSFELLHAP","507","521","100%","7","0","0","1","0.00","0.00","0.33"
"1313517","RVVVLSFELLHAPAT","509","523","100%","67","7","2","2","0.10","0.05","0.20"
"1501129","RVVVLSFELLHAPATVCGP","509","527","100%","1","1","1","0","1.00","0.04","1.00"
"1392512","VVVLSFEL","510","517","100%","1","1","1","0","1.00","0.04","1.00"
"1073956","VVLSFELLHAPATVC","511","525","100%","95","3","3","4","0.03","0.01","0.09"
"1310002","VVLSFELL","511","518","100%","6","3","2","0","0.50","0.15","0.84"
"1310003","VVLSFELLH","511","519","100%","5","5","1","0","1.00","0.55","1.00"
"1392510","VVLSFELLHAPATVCGPKKS","511","530","100%","1","1","1","0","1.00","0.04","1.00"
"1394127","VLSFELLHAPATVCGPK","512","528","100%","1","0","0","1","0.00","0.00","0.94"
"1526241","VLSFELLHAPATVC","512","525","100%","1","1","1","0","1.00","0.04","1.00"
"1087623","LSFELLHAPATVCGPKKS","513","530","100%","20","0","0","1","0.00","0.00","0.13"
"1309870","LSFELLHA","513","520","100%","5","5","1","0","1.00","0.55","1.00"
"1313083","LSFELLHAPATVCGP","513","527","100%","68","4","3","2","0.06","0.02","0.14"
"1309577","SFELLHAPATVCGPKKSTNL","514","533","100%","120","7","1","0","0.06","0.03","0.12"
"1311846","SFELL","514","518","100%","1","1","1","0","1.00","0.04","1.00"
"1333520","SFELLHAPATV","514","524","100%","15","3","1","0","0.20","0.06","0.43"
"1503499","SFELLHAPATVC","514","525","100%","1","0","0","1","0.00","0.00","0.94"
"1331943","FELLHAPATV","515","524","100%","9","1","1","0","0.11","0.00","0.41"
"1397279","FELLHAPVTVCGPKK","515","529","93.33%","1","1","1","0","1.00","0.04","1.00"
"1432298","FELLHAPATVCG","515","526","100%","1","0","0","1","0.00","0.00","0.94"
"1540228","FELLHAPATVCGPKK","515","529","100%","7","1","1","0","0.14","0.01","0.50"
"1310365","ELLHAPATVCGPKKS","516","530","100%","18","0","0","2","0.00","0.00","0.15"
"1331642","ELLHAPATV","516","524","100%","6","1","1","0","0.17","0.01","0.56"
"1540107","ELLHAPATVCGPKKSTNLVK","516","535","100%","1","1","1","0","1.00","0.04","1.00"
"1428516","ELLHAPATVCGP","516","527","100%","1","1","1","0","1.00","0.04","1.00"
"1071268","LLHAPATVCGPKKST","517","531","100%","60","3","3","2","0.05","0.02","0.14"
"1467021","LHAPATVCGPKK","518","529","100%","1","0","0","1","0.00","0.00","0.94"
"1393824","HAPATVCGPKKSTNLVK","519","535","100%","1","0","0","1","0.00","0.00","0.94"
"1446243","HAPATVCGPKKS","519","530","100%","1","0","0","1","0.00","0.00","0.94"
"1540661","HAPATVCGPKKSTNL","519","533","100%","7","0","0","1","0.00","0.00","0.33"
"1071723","PATVCGPKKSTNLVKNKC","521","538","100%","26","1","1","1","0.04","0.00","0.16"
"1310704","PATVCGPKKSTNLVK","521","535","100%","96","1","1","5","0.01","0.00","0.06"
"1392346","PATVCGPKKSTNLVKNKCVN","521","540","100%","1","0","0","1","0.00","0.00","0.94"
"1392347","PATVCGPKKSTNLVKNKCVNFNFNGLTGTGVLTESNKKF","521","559","100%","19","3","1","0","0.16","0.04","0.35"
"1485967","PATVCGPKKSTN","521","532","100%","1","1","1","0","1.00","0.04","1.00"
"1542953","TVCGPKKSTNLVKNK","523","537","100%","7","2","1","0","0.29","0.05","0.64"
"1309602","VCGPKKSTNLVKNKCVNFNF","524","543","100%","120","87","1","0","0.73","0.64","0.80"
"1397451","VCGPKKSTNLVKNKCVNFNFN","524","544","100%","1","0","0","1","0.00","0.00","0.94"
"1312260","CGPKKSTNLVKNKCV","525","539","100%","58","0","0","3","0.00","0.00","0.06"
"1397492","CGKKSTNLVKNKCVN","525","540","93.75%","5","0","0","1","0.00","0.00","0.43"
"1309118","GPKKSTNLVKNKCVN","526","540","100%","47","1","1","1","0.02","0.00","0.09"
"1087354","GPKKSTNLV","526","534","100%","23","3","1","1","0.13","0.03","0.30"
"1311370","GPKKSTNL","526","533","100%","1","1","1","0","1.00","0.04","1.00"
"1393805","GPKKSTNLVKNKCVNFN","526","542","100%","1","0","0","1","0.00","0.00","0.94"
"1540546","GPKKSTNLVKNKCVNFNFNG","526","545","100%","1","1","1","0","1.00","0.04","1.00"
"1541963","PKKSTNLVKNKCVNF","527","541","100%","7","0","0","1","0.00","0.00","0.33"
"1070817","KSTNLVKNKCVNFNFNGL","529","546","100%","27","1","1","2","0.04","0.00","0.16"
"1312907","KSTNLVKNKCVNFNF","529","543","100%","53","0","0","2","0.00","0.00","0.07"
"1549036","KSTNLVKNK","529","537","100%","8","0","0","1","0.00","0.00","0.30"
"1310857","TNLVKNKCVNFNFNG","531","545","100%","40","0","0","3","0.00","0.00","0.07"
"1392464","TNLVKNKCV","531","539","100%","1","0","0","1","0.00","0.00","0.94"
"1392465","TNLVKNKCVNFNFNGLTGTG","531","550","100%","1","1","1","0","1.00","0.04","1.00"
"1332943","NLVKNKCVNFNFNGLTGTGVLTESNKKF","532","559","100%","64","1","1","0","0.02","0.00","0.08"
"1313114","LVKNKCVNFNFNGLT","533","547","100%","53","0","0","2","0.00","0.00","0.07"
"1332741","LVKNKCVNF","533","541","100%","4","1","1","1","0.25","0.01","0.74"
"1393916","LVKNKCVNFNFNGLTGT","533","549","100%","1","0","0","1","0.00","0.00","0.94"
"1309603","VKNKCVNFNFNGLTGTGVLT","534","553","100%","120","7","1","0","0.06","0.03","0.12"
"1525245","VKNKCVNFNFNGLT","534","547","100%","1","1","1","0","1.00","0.04","1.00"
"1070787","KNKCVNFNFNGLTGT","535","549","100%","8","1","1","1","0.13","0.01","0.46"
"1392241","KNKCVNFNF","535","543","100%","1","1","1","0","1.00","0.04","1.00"
"1310669","NKCVNFNFNGLTGTG","536","550","100%","13","0","0","1","0.00","0.00","0.20"
"1386013","NKCVNFNFNGLTGTGV","536","551","100%","40","38","1","0","0.95","0.85","0.99"
"1386014","NKCVNFNFNGLTGTGVL","536","552","100%","1","1","1","0","1.00","0.04","1.00"
"1397175","NKCVNFNFNGLTGT","536","549","100%","10","2","1","0","0.20","0.04","0.49"
"1070539","KCVNFNFNGLTGTGVLTE","537","554","100%","26","0","0","2","0.00","0.00","0.10"
"1312803","KCVNFNFNGLTGTGV","537","551","100%","53","0","0","2","0.00","0.00","0.07"
"1383234","KCVNFNFNGLTGTGVL","537","552","100%","40","34","1","0","0.85","0.73","0.93"
"1392098","CVNFNFNGL","538","546","100%","1","1","1","0","1.00","0.04","1.00"
"70066","VNFNFNGL","539","546","100%","22","19","5","0","0.86","0.68","0.96"
"1309994","VNFNFNGLT","539","547","100%","5","5","1","0","1.00","0.55","1.00"
"1543184","VNFNFNGLTGTGVLT","539","553","100%","7","0","0","1","0.00","0.00","0.33"
"1393940","NFNFNGLTGTGVLTESN","540","556","100%","1","0","0","1","0.00","0.00","0.94"
"1069550","FNFNGLTGTGVLTES","541","555","100%","88","2","2","4","0.02","0.01","0.08"
"1380542","FNFNGLTGTGVLTESN","541","556","100%","40","35","1","0","0.88","0.75","0.95"
"1392155","FNFNGLTGTGVLTESNKKFL","541","560","100%","1","1","1","0","1.00","0.04","1.00"
"1392156","FNFNGLTGTGVLTESNKKFLPFQQFGRDIADTTDAVRDP","541","579","100%","19","13","1","0","0.68","0.47","0.85"
"1540300","FNGLTGTGVLTESNK","543","557","100%","7","0","0","1","0.00","0.00","0.33"
"1309531","NGLTGTGVLTESNKKFLPFQ","544","563","100%","120","3","1","0","0.03","0.01","0.07"
"1069840","GLTGTGVLTESNKKFLPF","545","562","100%","26","0","0","2","0.00","0.00","0.10"
"1312569","GLTGTGVLTESNKKF","545","559","100%","53","1","1","1","0.02","0.00","0.10"
"1397311","GLTGTGVLTESNKKFLPFQQF","545","565","100%","1","1","1","0","1.00","0.04","1.00"
"1310624","LTGTGVLTESNKKFL","546","560","100%","28","1","1","1","0.04","0.00","0.15"
"1073424","TGTGVLTESNKKFLP","547","561","100%","8","1","1","1","0.13","0.01","0.46"
"1311868","TGTGVLTESNKKFLPFQQFGRDIA","547","570","100%","1","1","1","0","1.00","0.04","1.00"
"1394095","TGTGVLTESNKKFLPFQ","547","563","100%","1","0","0","1","0.00","0.00","0.94"
"1313741","TGVLTESNKKFLPFQ","549","563","100%","54","1","1","2","0.02","0.00","0.10"
"1389572","TGVLTESNKKFLPFQQFG","549","566","100%","1","1","1","0","1.00","0.04","1.00"
"1389571","TGVLTESNKKFLPFQQ","549","564","100%","40","34","1","0","0.85","0.73","0.93"
"1381922","GVLTESNKKFLPFQQF","550","565","100%","40","35","1","0","0.88","0.75","0.95"
"1547617","GVLTESNKK","550","558","100%","8","0","0","1","0.00","0.00","0.30"
"1445235","GVLTESNKKFLPFQ","550","563","100%","1","1","1","0","1.00","0.04","1.00"
"1310904","VLTESNKKFLPFQQF","551","565","100%","44","2","2","2","0.05","0.01","0.13"
"1334234","VLTESNKKF","551","559","100%","2","1","1","0","0.50","0.02","0.97"
"1390648","VLTESNKKFLPFQQFG","551","566","100%","40","33","1","0","0.83","0.70","0.91"
"1392495","VLTESNKKFLPFQQFGRDIA","551","570","100%","1","0","0","1","0.00","0.00","0.94"
"1073280","TESNKKFLPFQQFGR","553","567","100%","55","2","2","2","0.04","0.01","0.12"
"1073281","TESNKKFLPFQQFGRDIA","553","570","100%","172","134","3","0","0.78","0.71","0.83"
"1325421","TESNKKFLPFQQF","553","565","100%","5","2","1","0","0.40","0.08","0.80"
"1389458","TESNKKFLPFQQFGRD","553","568","100%","40","35","1","0","0.88","0.75","0.95"
"1389459","TESNKKFLPFQQFGRDIADTTDAVRD","553","578","100%","1","1","1","0","1.00","0.04","1.00"
"1513583","TESNKKFLPFQQFGRDIAD","553","571","100%","1","1","1","0","1.00","0.04","1.00"
"1309464","ESNKKFLPFQQFGRDIADTT","554","573","100%","120","49","1","0","0.41","0.32","0.50"
"1380032","ESNKKFLPFQQFGRDI","554","569","100%","40","35","1","0","0.88","0.75","0.95"
"1329361","ESNKKFLPFQQFGRDIA","554","570","100%","1","0","0","1","0.00","0.00","0.94"
"1330094","SNKKFLPFQQFGRDIA","555","570","100%","40","34","1","0","0.85","0.73","0.93"
"1330091","SNKKFLPFQQFG","555","566","100%","1","1","1","0","1.00","0.04","1.00"
"1330093","SNKKFLPFQQFGRDI","555","569","100%","7","1","1","0","0.14","0.01","0.50"
"1310671","NKKFLPFQQFGRDIA","556","570","100%","37","15","2","1","0.41","0.27","0.55"
"1311771","NKKFLPFQQ","556","564","100%","1","1","1","0","1.00","0.04","1.00"
"1386034","NKKFLPFQQFGRDIAD","556","571","100%","40","33","1","0","0.83","0.70","0.91"
"1312849","KKFLPFQQFGRDIAD","557","571","100%","54","1","1","2","0.02","0.00","0.10"
"1383505","KKFLPFQQFGRDIADT","557","572","100%","40","34","1","0","0.85","0.73","0.93"
"1342355","KKFLPFQQFGR","557","567","100%","1","1","1","0","1.00","0.04","1.00"
"1319485","KFLPFQQFGR","558","567","100%","2","1","1","0","0.50","0.02","0.97"
"1383361","KFLPFQQFGRDIADTT","558","573","100%","40","33","1","0","0.83","0.70","0.91"
"1069538","FLPFQQFGRDIADTT","559","573","100%","8","0","0","2","0.00","0.00","0.30"
"1380521","FLPFQQFGRDIADTTD","559","574","100%","40","33","1","0","0.83","0.70","0.91"
"1332692","LPFQQFGRDIADT","560","572","100%","55","7","1","0","0.13","0.06","0.24"
"1384824","LPFQQFGRDIADTTDA","560","575","100%","40","34","1","0","0.85","0.73","0.93"
"1470772","LPFQQFGRDIAD","560","571","100%","1","1","1","0","1.00","0.04","1.00"
"1310712","PFQQFGRDIADTTDA","561","575","100%","89","1","1","3","0.01","0.00","0.06"
"1087676","PFQQFGRDIADTTDAVRD","561","578","100%","20","0","0","1","0.00","0.00","0.13"
"1386618","PFQQFGRDIADTTDAV","561","576","100%","40","33","1","0","0.83","0.70","0.91"
"1393982","PFQQFGRDIADTTDAVR","561","577","100%","1","0","0","1","0.00","0.00","0.94"
"1392350","PFQQFGRDIADTTDAVRDPQ","561","580","100%","1","1","1","0","1.00","0.04","1.00"
"1392351","PFQQFGRDIADTTDAVRDPQTLEILDITPCSFGGVSVIT","561","599","100%","19","3","1","0","0.16","0.04","0.35"
"1486834","PFQQFGRDIADT","561","572","100%","1","1","1","0","1.00","0.04","1.00"
"1380629","FQQFGRDIADTTDAVR","562","577","100%","40","31","1","0","0.78","0.64","0.87"
"1392159","FQQFGRDIA","562","570","100%","1","0","0","1","0.00","0.00","0.94"
"1435715","FQQFGRDIADTT","562","573","100%","1","0","0","1","0.00","0.00","0.94"
"1387339","QQFGRDIADTTDAVRD","563","578","100%","40","33","1","0","0.83","0.70","0.91"
"1397402","QQFGRDIDDTTDAVR","563","577","93.33%","1","0","0","1","0.00","0.00","0.94"
"1494557","QQFGRDIADTTD","563","574","100%","1","1","1","0","1.00","0.04","1.00"
"1542169","QQFGRDIADTTDAVR","563","577","100%","7","0","0","1","0.00","0.00","0.33"
"1309557","QFGRDIADTTDAVRDPQTLE","564","583","100%","120","27","1","0","0.23","0.16","0.31"
"1492259","QFGRDIADTTDA","564","575","100%","1","1","1","0","1.00","0.04","1.00"
"1069519","FGRDIADTTDAVRDP","565","579","100%","54","1","1","2","0.02","0.00","0.10"
"1310457","GRDIADTTDAVRDPQ","566","580","100%","16","0","0","1","0.00","0.00","0.16"
"1397316","GRDIADTTDAVRDPQTLEILDI","566","587","100%","1","1","1","0","1.00","0.04","1.00"
"1542238","RDIADTTDAVRDPQT","567","581","100%","7","1","1","0","0.14","0.01","0.50"
"1378676","DIADTTDAVRDPQTLEILDITPCSFG","568","593","100%","1","1","1","0","1.00","0.04","1.00"
"1378675","DIADTTDAVRDPQTLE","568","583","100%","40","33","1","0","0.83","0.70","0.91"
"1393720","DIADTTDAVRDPQTLEI","568","584","100%","1","0","0","1","0.00","0.00","0.94"
"1087547","IADTTDAVRDPQTLEILD","569","586","100%","20","0","0","1","0.00","0.00","0.13"
"1312683","IADTTDAVRDPQTLE","569","583","100%","53","5","1","1","0.09","0.04","0.20"
"1382326","IADTTDAVRDPQTLEI","569","584","100%","40","34","1","0","0.85","0.73","0.93"
"1449178","IADTTDAVRDPQ","569","580","100%","1","1","1","0","1.00","0.04","1.00"
"1377377","ADTTDAVRDPQTLEIL","570","585","100%","40","35","1","0","0.88","0.75","0.95"
"1392556","A570","570","570","100%","15","1","1","0","0.07","0.00","0.27"
"1407656","ADTTDAVRDPQT","570","581","100%","1","1","1","0","1.00","0.04","1.00"
"1069350","DTTDAVRDPQTLEIL","571","585","100%","45","5","2","3","0.11","0.04","0.21"
"1379191","DTTDAVRDPQTLEILD","571","586","100%","40","35","1","0","0.88","0.75","0.95"
"1392115","DTTDAVRDPQTLEILDITPC","571","590","100%","1","0","0","1","0.00","0.00","0.94"
"1424706","DTTDAVRDPQTL","571","582","100%","1","1","1","0","1.00","0.04","1.00"
"1390023","TTDAVRDPQTLEILDI","572","587","100%","40","33","1","0","0.83","0.70","0.91"
"1519372","TTDAVRDPQTLE","572","583","100%","1","1","1","0","1.00","0.04","1.00"
"1313735","TDAVRDPQTLEILDI","573","587","100%","53","4","1","1","0.08","0.03","0.18"
"1389355","TDAVRDPQTLEILDIT","573","588","100%","40","33","1","0","0.83","0.70","0.91"
"1512931","TDAVRDPQTLEILDITPCS","573","591","100%","1","1","1","0","1.00","0.04","1.00"
"1309444","DAVRDPQTLEILDITPCSFG","574","593","100%","120","50","1","0","0.42","0.33","0.51"
"1315271","DAVRDPQTL","574","582","100%","4","1","1","0","0.25","0.01","0.74"
"1378346","DAVRDPQTLEILDITP","574","589","100%","40","34","1","0","0.85","0.73","0.93"
"1419467","DAVRDPQTLEIL","574","585","100%","1","1","1","0","1.00","0.04","1.00"
"1377988","AVRDPQTLEILDITPC","575","590","100%","40","34","1","0","0.85","0.73","0.93"
"1393701","AVRDPQTLEILDITPCS","575","591","100%","1","0","0","1","0.00","0.00","0.94"
"1414059","AVRDPQTLEILD","575","586","100%","1","1","1","0","1.00","0.04","1.00"
"1539635","AVRDPQTLEILDITP","575","589","100%","7","3","1","0","0.43","0.13","0.76"
"1310916","VRDPQTLEILDITPC","576","590","100%","17","1","1","1","0.06","0.00","0.24"
"1390834","VRDPQTLEILDITPCS","576","591","100%","40","34","1","0","0.85","0.73","0.93"
"1072118","RDPQTLEILDITPCS","577","591","100%","54","1","1","2","0.02","0.00","0.10"
"1087703","RDPQTLEILDITPCSFGG","577","594","100%","20","0","0","1","0.00","0.00","0.13"
"1387556","RDPQTLEILDITPCSF","577","592","100%","40","33","1","0","0.83","0.70","0.91"
"1378981","DPQTLEILDITPCSFG","578","593","100%","40","32","1","0","0.80","0.67","0.89"
"1542012","PQTLEILDITPCSFG","579","593","100%","7","0","0","1","0.00","0.00","0.33"
"1310850","TLEILDITPCSFGGV","581","595","100%","102","2","2","4","0.02","0.01","0.07"
"1392460","TLEILDITPCSFGGVSVITP","581","600","100%","1","0","0","1","0.00","0.00","0.94"
"1393890","LEILDITPCSFGGVSVI","582","598","100%","1","0","0","1","0.00","0.00","0.94"
"1069425","EILDITPCSFGGVSV","583","597","100%","8","2","1","1","0.25","0.05","0.59"
"1074876","EILDITPCSF","583","592","100%","40","4","2","0","0.10","0.03","0.21"
"1309492","ILDITPCSFGGVSVITPGTN","584","603","100%","120","4","1","0","0.03","0.01","0.08"
"1397376","NGGGTPCSFGGVSVI","584","599","73.33%","1","0","0","1","0.00","0.00","0.94"
"1087602","LDITPCSFGGVSVITPGT","585","602","100%","20","0","0","1","0.00","0.00","0.13"
"1312956","LDITPCSFGGVSVIT","585","599","100%","53","1","1","1","0.02","0.00","0.10"
"1310330","DITPCSFGGVSVITP","586","600","100%","16","0","0","1","0.00","0.00","0.16"
"1540884","ITPCSFGGVSVITPG","587","601","100%","7","0","0","1","0.00","0.00","0.33"
"1325795","TPCSFGGVSV","588","597","100%","12","2","2","0","0.17","0.03","0.43"
"47041","PCSFGGVSVITPGTN","589","603","100%","54","1","1","2","0.02","0.00","0.10"
"1393975","PCSFGGVSVITPGTNTS","589","605","100%","1","0","0","1","0.00","0.00","0.94"
"1310795","SFGGVSVITPGTNTS","591","605","100%","43","0","0","3","0.00","0.00","0.06"
"1392418","SFGGVSVITPGTNTSNQVAV","591","610","100%","1","0","0","1","0.00","0.00","0.94"
"1087529","GGVSVITPGTNTSNQVAV","593","610","100%","20","0","0","1","0.00","0.00","0.13"
"1312547","GGVSVITPGTNTSNQ","593","607","100%","53","2","1","1","0.04","0.01","0.13"
"1309480","GVSVITPGTNTSNQVAVLYQ","594","613","100%","120","4","1","0","0.03","0.01","0.08"
"1073950","VSVITPGTNTSNQVA","595","609","100%","8","1","1","1","0.13","0.01","0.46"
"1529454","VSVITPGTNTSN","595","606","100%","1","0","0","1","0.00","0.00","0.94"
"1310826","SVITPGTNTSNQVAV","596","610","100%","16","0","0","1","0.00","0.00","0.16"
"1394079","SVITPGTNTSNQVAVLY","596","612","100%","1","0","0","1","0.00","0.00","0.94"
"1313871","VITPGTNTSNQVAVL","597","611","100%","53","1","1","1","0.02","0.00","0.10"
"1455252","ITPGTNTSNQVA","598","609","100%","1","1","1","0","1.00","0.04","1.00"
"1517562","TPGTNTSNQVAV","599","610","100%","1","0","0","1","0.00","0.00","0.94"
"1542872","TPGTNTSNQVAVLYQ","599","613","100%","7","2","1","0","0.29","0.05","0.64"
"1070035","GTNTSNQVAVLYQDV","601","615","100%","88","2","1","4","0.02","0.01","0.08"
"1087539","GTNTSNQVAVLYQDVNCT","601","618","100%","20","0","0","1","0.00","0.00","0.13"
"1391855","GTNTSNQVAVLYQGVNCTEVPVAIHADQLTPTWRVYSTGS","601","640","97.5%","15","0","0","1","0.00","0.00","0.17"
"1391854","GTNTSNQVAVLYQDVNCTEVPVAIHADQLTPTWRVYSTGS","601","640","100%","15","0","0","1","0.00","0.00","0.17"
"1392197","GTNTSNQVAVLYQDVNCTEV","601","620","100%","1","0","0","1","0.00","0.00","0.94"
"1397318","GTNTSNQVAVL","601","611","100%","1","0","0","1","0.00","0.00","0.94"
"1322706","NTSNQVAVLY","603","612","100%","4","1","1","0","0.25","0.01","0.74"
"1393968","NTSNQVAVLYQDVNCTE","603","619","100%","1","0","0","1","0.00","0.00","0.94"
"1541851","NTSNQVAVLYQDVNC","603","617","100%","7","1","1","0","0.14","0.01","0.50"
"1087414","TSNQVAVLY","604","612","100%","49","2","2","1","0.04","0.01","0.12"
"1309596","TSNQVAVLYQDVNCTEVPVA","604","623","100%","120","1","1","0","0.01","0.00","0.05"
"1313628","SNQVAVLYQDVNCTE","605","619","100%","53","1","1","1","0.02","0.00","0.10"
"1310681","NQVAVLYQDVNCTEV","606","620","100%","14","0","0","1","0.00","0.00","0.18"
"1072037","QVAVLYQDVNCTEVP","607","621","100%","8","1","1","1","0.13","0.01","0.46"
"1397404","QVAVLYQGVNCTEVP","607","621","93.33%","1","1","1","0","1.00","0.04","1.00"
"1495714","QVAVLYQDVNCTEVPVAIHADQLTPTW","607","633","100%","1","1","1","0","1.00","0.04","1.00"
"1087464","AVLYQDVNCTEVPVAIHA","609","626","100%","20","0","0","1","0.00","0.00","0.13"
"1312238","AVLYQDVNCTEVPVA","609","623","100%","53","0","0","2","0.00","0.00","0.07"
"1075096","VLYQDVNCTEVPVAIHADQLTPTWRVYSTGSNVFQTRAGCLIG","610","652","100%","4","1","1","0","0.25","0.01","0.74"
"1394130","VLYQDVNCTEVPVAIHA","610","626","100%","12","1","1","0","0.08","0.00","0.33"
"1310635","LYQDVNCTEVPVAIH","611","625","100%","41","1","1","2","0.02","0.00","0.11"
"1392298","LYQDVNCTEVPVAIHADQLT","611","630","100%","1","0","0","1","0.00","0.00","0.94"
"1328471","YQDVNCTEV","612","620","100%","2","1","1","0","0.50","0.02","0.97"
"1397472","YQDVNCTEVPVA","612","623","100%","2","1","1","1","0.50","0.02","0.97"
"1071848","QDVNCTEVPVAIHAD","613","627","100%","54","1","1","2","0.02","0.00","0.10"
"1387043","QDVNCTEVPVAIHADQ","613","628","100%","40","33","1","0","0.83","0.70","0.91"
"1387044","QDVNCTEVPVAIHADQLTPTWRVYS","613","637","100%","1","1","1","0","1.00","0.04","1.00"
"1491922","QDVNCTEVPVAIHADQLTP","613","631","100%","1","1","1","0","1.00","0.04","1.00"
"1309454","DVNCTEVPVAIHADQLTPTW","614","633","100%","120","3","1","0","0.03","0.01","0.07"
"1379215","DVNCTEVPVAIHADQL","614","629","100%","40","32","1","0","0.80","0.67","0.89"
"1347684","D614","614","614","100%","1","1","1","0","1.00","0.04","1.00"
"1390674","VNCTEVPVAIHADQLT","615","630","100%","40","30","1","0","0.75","0.61","0.85"
"1526778","VNCTEVPVAIHA","615","626","100%","1","0","0","1","0.00","0.00","0.94"
"1543181","VNCTEVPVAIHADQL","615","629","100%","7","1","1","0","0.14","0.01","0.50"
"1310653","NCTEVPVAIHADQLT","616","630","100%","14","0","0","1","0.00","0.00","0.18"
"1385740","NCTEVPVAIHADQLTP","616","631","100%","40","29","1","0","0.73","0.59","0.83"
"1478985","NCTEVPVAIHAD","616","627","100%","1","0","0","1","0.00","0.00","0.94"
"1087469","CTEVPVAIHADQLTPTWR","617","634","100%","20","0","0","1","0.00","0.00","0.13"
"1312273","CTEVPVAIHADQLTP","617","631","100%","53","0","0","2","0.00","0.00","0.07"
"1378258","CTEVPVAIHADQLTPT","617","632","100%","40","31","1","0","0.78","0.64","0.87"
"1393715","CTEVPVAIHADQLTPTW","617","633","100%","1","0","0","1","0.00","0.00","0.94"
"1418211","CTEVPVAIHADQ","617","628","100%","1","1","1","0","1.00","0.04","1.00"
"1389474","TEVPVAIHADQLTPTW","618","633","100%","40","33","1","0","0.83","0.70","0.91"
"1513645","TEVPVAIHADQL","618","629","100%","1","0","0","1","0.00","0.00","0.94"
"1069458","EVPVAIHADQLTPTW","619","633","100%","8","3","1","1","0.38","0.11","0.70"
"1331884","EVPVAIHADQLTPTWRVYSTGSNVFQTRA","619","647","100%","55","1","1","0","0.02","0.00","0.10"
"1380141","EVPVAIHADQLTPTWR","619","634","100%","40","33","1","0","0.83","0.70","0.91"
"1390788","VPVAIHADQLTPTWRV","620","635","100%","40","32","1","0","0.80","0.67","0.89"
"1310729","PVAIHADQLTPTWRV","621","635","100%","88","3","2","3","0.03","0.01","0.10"
"1386946","PVAIHADQLTPTWRVY","621","636","100%","40","30","1","0","0.75","0.61","0.85"
"1392363","PVAIHADQLTPTWRVYSTGS","621","640","100%","1","0","0","1","0.00","0.00","0.94"
"1392364","PVAIHADQLTPTWRVYSTGSNVFQTRAGCLIGAEHVNNS","621","659","100%","19","4","1","0","0.21","0.07","0.41"
"1490576","PVAIHADQLTPT","621","632","100%","1","1","1","0","1.00","0.04","1.00"
"1326246","VAIHADQLTPTW","622","633","100%","2","1","1","1","0.50","0.02","0.97"
"1390180","VAIHADQLTPTWRVYS","622","637","100%","40","33","1","0","0.83","0.70","0.91"
"1311314","AIHADQL","623","629","100%","1","1","1","0","1.00","0.04","1.00"
"1409228","AIHADQLTPTWR","623","634","100%","1","1","1","0","1.00","0.04","1.00"
"1539467","AIHADQLTPTWRVYS","623","637","100%","7","0","0","1","0.00","0.00","0.33"
"1309491","IHADQLTPTWRVYSTGSNVF","624","643","100%","120","18","1","0","0.15","0.10","0.22"
"1318459","IHADQLTPTW","624","633","100%","1","1","1","0","1.00","0.04","1.00"
"1382575","IHADQLTPTWRVYSTGSNVFQTR","624","646","100%","1","1","1","0","1.00","0.04","1.00"
"1382574","IHADQLTPTWRVYSTG","624","639","100%","40","34","1","0","0.85","0.73","0.93"
"1393841","IHADQLTPTWRVYSTGS","624","640","100%","2","1","1","1","0.50","0.02","0.97"
"1451327","IHADQLTPTWRV","624","635","100%","1","1","1","0","1.00","0.04","1.00"
"1451328","IHADQLTPTWRVYSTGSN","624","641","100%","1","1","1","0","1.00","0.04","1.00"
"1070176","HADQLTPTWRVYSTG","625","639","100%","54","0","0","3","0.00","0.00","0.07"
"1087543","HADQLTPTWRVYSTGSNV","625","642","100%","20","0","0","1","0.00","0.00","0.13"
"1381993","HADQLTPTWRVYSTGS","625","640","100%","40","30","1","0","0.75","0.61","0.85"
"1446136","HADQLTPTWRVY","625","636","100%","1","1","1","0","1.00","0.04","1.00"
"1310252","ADQLTPTWRVYSTGS","626","640","100%","15","1","1","1","0.07","0.00","0.27"
"1377369","ADQLTPTWRVYSTGSN","626","641","100%","40","35","1","0","0.88","0.75","0.95"
"1407581","ADQLTPTWRVYS","626","637","100%","1","1","1","0","1.00","0.04","1.00"
"1379009","DQLTPTWRVYSTGSNV","627","642","100%","40","31","1","0","0.78","0.64","0.87"
"1423568","DQLTPTWRVYST","627","638","100%","1","0","0","1","0.00","0.00","0.94"
"1539945","DQLTPTWRVYSTGSN","627","641","100%","7","0","0","1","0.00","0.00","0.33"
"1323406","QLTPTWRVY","628","636","100%","1","1","1","0","1.00","0.04","1.00"
"1387236","QLTPTWRVYSTGSNVF","628","643","100%","40","34","1","0","0.85","0.73","0.93"
"1493841","QLTPTWRVYSTG","628","639","100%","1","0","0","1","0.00","0.00","0.94"
"1313108","LTPTWRVYSTGSNVF","629","643","100%","53","0","0","2","0.00","0.00","0.07"
"1385186","LTPTWRVYSTGSNVFQ","629","644","100%","40","36","1","0","0.90","0.79","0.96"
"1473641","LTPTWRVYSTGS","629","640","100%","1","0","0","1","0.00","0.00","0.94"
"1389874","TPTWRVYSTGSNVFQT","630","645","100%","40","34","1","0","0.85","0.73","0.93"
"1330225","TPTWRVYSTGSN","630","641","100%","1","0","0","1","0.00","0.00","0.94"
"1071818","PTWRVYSTGSNVFQT","631","645","100%","42","0","0","4","0.00","0.00","0.07"
"1386944","PTWRVYSTGSNVFQTR","631","646","100%","40","36","1","0","0.90","0.79","0.96"
"1393996","PTWRVYSTGSNVFQTRA","631","647","100%","1","0","0","1","0.00","0.00","0.94"
"1392362","PTWRVYSTGSNVFQTRAGCL","631","650","100%","1","0","0","1","0.00","0.00","0.94"
"1520629","TWRVYSTGSNVF","632","643","100%","1","1","1","0","1.00","0.04","1.00"
"1087795","WRVYSTGSNVFQTRAGCL","633","650","100%","20","0","0","1","0.00","0.00","0.13"
"1313967","WRVYSTGSNVFQTRA","633","647","100%","53","0","0","2","0.00","0.00","0.07"
"1309576","RVYSTGSNVFQTRAGCLIGA","634","653","100%","120","4","1","0","0.03","0.01","0.08"
"1324116","RVYSTGSNV","634","642","100%","3","1","1","0","0.33","0.01","0.85"
"1324117","RVYSTGSNVF","634","643","100%","8","2","2","0","0.25","0.05","0.59"
"1075112","VYSTGSNVFQTR","635","646","100%","37","7","2","0","0.19","0.09","0.32"
"1313944","VYSTGSNVF","635","643","100%","17","0","0","3","0.00","0.00","0.15"
"1391064","VYSTGSNVFQTRAGCL","635","650","100%","40","35","1","0","0.88","0.75","0.95"
"1391065","VYSTGSNVFQTRAGCLIGAE","635","654","100%","1","1","1","0","1.00","0.04","1.00"
"1543329","VYSTGSNVFQTRAGC","635","649","100%","7","0","0","1","0.00","0.00","0.33"
"1310978","YSTGSNVFQTRAGCL","636","650","100%","15","1","1","1","0.07","0.00","0.27"
"1391669","YSTGSNVFQTRAGCLI","636","651","100%","40","35","1","0","0.88","0.75","0.95"
"1072943","STGSNVFQTRAGCLI","637","651","100%","54","0","0","3","0.00","0.00","0.07"
"1325105","STGSNVFQTR","637","646","100%","2","1","1","0","0.50","0.02","0.97"
"1389155","STGSNVFQTRAGCLIG","637","652","100%","40","31","1","0","0.78","0.64","0.87"
"1389567","TGSNVFQTRAGCLIGA","638","653","100%","40","34","1","0","0.85","0.73","0.93"
"1394094","TGSNVFQTRAGCLIGAE","638","654","100%","1","0","0","1","0.00","0.00","0.94"
"1381798","GSNVFQTRAGCLIGAE","639","654","100%","40","32","1","0","0.80","0.67","0.89"
"1540589","GSNVFQTRAGCLIGA","639","653","100%","7","0","0","1","0.00","0.00","0.33"
"1507554","SNVFQTRAGCLI","640","651","100%","1","0","0","1","0.00","0.00","0.94"
"1310695","NVFQTRAGCLIGAEH","641","655","100%","87","1","1","3","0.01","0.00","0.06"
"1087671","NVFQTRAGCLIGAEHVNN","641","658","100%","20","0","0","1","0.00","0.00","0.13"
"1392336","NVFQTRAGCLIGAEHVNNSY","641","660","100%","1","0","0","1","0.00","0.00","0.94"
"1392337","NVFQTRAGCLIGAEHVNNSYECDIPIGAGICASYQTQTN","641","679","100%","19","3","1","0","0.16","0.04","0.35"
"1484768","NVFQTRAGCLIGAEHVNNS","641","659","100%","1","1","1","0","1.00","0.04","1.00"
"1523470","VFQTRAGCLIGA","642","653","100%","1","0","0","1","0.00","0.00","0.94"
"1435747","FQTRAGCLIGAE","643","654","100%","1","1","1","0","1.00","0.04","1.00"
"1540319","FQTRAGCLIGAEHVN","643","657","100%","7","1","1","0","0.14","0.01","0.50"
"1309564","QTRAGCLIGAEHVNNSYECD","644","663","100%","120","4","1","0","0.03","0.01","0.08"
"1387445","QTRAGCLIGAEHVNNS","644","659","100%","40","36","1","0","0.90","0.79","0.96"
"1495570","QTRAGCLIGAEH","644","655","100%","1","0","0","1","0.00","0.00","0.94"
"1313795","TRAGCLIGAEHVNNS","645","659","100%","53","0","0","2","0.00","0.00","0.07"
"1394105","TRAGCLIGAEHVNNSYE","645","661","100%","1","0","0","1","0.00","0.00","0.94"
"1518241","TRAGCLIGAEHV","645","656","100%","1","0","0","1","0.00","0.00","0.94"
"1310759","RAGCLIGAEHVNNSY","646","660","100%","14","0","0","1","0.00","0.00","0.18"
"1496388","RAGCLIGAEHVN","646","657","100%","1","0","0","1","0.00","0.00","0.94"
"1074840","AGCLIGAEHVNNSYECDIPIGAGICASYQTQTNSPRRARSVAS","647","689","100%","4","1","1","0","0.25","0.01","0.74"
"1330816","AGCLIGAEHVNNSYECDIPIGA","647","668","100%","55","1","1","0","0.02","0.00","0.10"
"1539443","AGCLIGAEHVNNSYE","647","661","100%","7","2","1","0","0.29","0.05","0.64"
"1087466","CLIGAEHVNNSYECDIPI","649","666","100%","20","0","0","1","0.00","0.00","0.13"
"1312262","CLIGAEHVNNSYECD","649","663","100%","53","6","1","1","0.11","0.05","0.23"
"1310484","IGAEHVNNSYECDIP","651","665","100%","42","2","1","2","0.05","0.01","0.14"
"1074926","IGAEHVNNSY","651","660","100%","36","5","1","0","0.14","0.06","0.26"
"1392216","IGAEHVNNSYECDIPIGAGI","651","670","100%","1","0","0","1","0.00","0.00","0.94"
"1393782","GAEHVNNSYECDIPIGA","652","668","100%","12","1","1","0","0.08","0.00","0.33"
"1314194","AEHVNNSY","653","660","100%","5","2","1","0","0.40","0.08","0.80"
"1312107","AEHVNNSYECDIPIG","653","667","100%","53","0","0","2","0.00","0.00","0.07"
"1309461","EHVNNSYECDIPIGAGICAS","654","673","100%","120","31","1","0","0.26","0.19","0.34"
"1070256","HVNNSYECDIPIGAG","655","669","100%","8","0","0","2","0.00","0.00","0.30"
"1310910","VNNSYECDIPIGAGI","656","670","100%","24","1","1","1","0.04","0.00","0.18"
"1309995","VNNSYECD","656","663","100%","5","5","1","0","1.00","0.55","1.00"
"1309996","VNNSYECDI","656","664","100%","5","5","1","0","1.00","0.55","1.00"
"1390700","VNNSYECDIPIGAGIC","656","671","100%","40","35","1","0","0.88","0.75","0.95"
"1390701","VNNSYECDIPIGAGICA","656","672","100%","1","1","1","0","1.00","0.04","1.00"
"1087664","NNSYECDIPIGAGICASY","657","674","100%","20","0","0","1","0.00","0.00","0.13"
"1313230","NNSYECDIPIGAGIC","657","671","100%","55","2","2","2","0.04","0.01","0.12"
"1386199","NNSYECDIPIGAGICA","657","672","100%","40","35","1","0","0.88","0.75","0.95"
"1482748","NNSYECDIPIGAGICASYQ","657","675","100%","1","1","1","0","1.00","0.04","1.00"
"1482747","NNSYECDIPIGA","657","668","100%","1","1","1","0","1.00","0.04","1.00"
"1309908","NSYECDIP","658","665","100%","5","5","1","0","1.00","0.55","1.00"
"1484186","NSYECDIPIGAG","658","669","100%","1","1","1","0","1.00","0.04","1.00"
"1394083","SYECDIPIGAGICASYQ","659","675","100%","1","0","0","1","0.00","0.00","0.94"
"1542646","SYECDIPIGAGICAS","659","673","100%","7","0","0","1","0.00","0.00","0.33"
"1327917","YECDIPIGAGI","660","670","100%","5","1","1","0","0.20","0.01","0.64"
"1069378","ECDIPIGAGICASYQ","661","675","100%","92","6","5","3","0.07","0.03","0.14"
"1379347","ECDIPIGAGICASYQT","661","676","100%","40","32","1","0","0.80","0.67","0.89"
"1340194","ECDIPIGAGIC","661","671","100%","1","1","1","0","1.00","0.04","1.00"
"1392120","ECDIPIGAGICASYQTQTNS","661","680","100%","1","0","0","1","0.00","0.00","0.94"
"1392121","ECDIPIGAGICASYQTQTNSPRRARSVASQSIIAYTMSL","661","699","100%","19","4","1","0","0.21","0.07","0.41"
"1539885","DIPIGAGICASYQTQ","663","677","100%","7","0","0","1","0.00","0.00","0.33"
"1087359","IPIGAGICASY","664","674","100%","36","4","1","0","0.11","0.04","0.23"
"1087678","PIGAGICASYQTQTNSPR","665","682","100%","20","0","0","1","0.00","0.00","0.13"
"1313281","PIGAGICASYQTQTN","665","679","100%","53","0","0","2","0.00","0.00","0.07"
"1310485","IGAGICASYQTQTNS","666","680","100%","15","0","0","1","0.00","0.00","0.17"
"1393837","IGAGICASYQTQTNSPR","666","682","100%","1","0","0","1","0.00","0.00","0.94"
"1450889","IGAGICASYQTQ","666","677","100%","1","1","1","0","1.00","0.04","1.00"
"1069652","GAGICASYQTQTNSP","667","681","100%","8","0","0","2","0.00","0.00","0.30"
"1408671","AGICASYQTQTN","668","679","100%","1","1","1","0","1.00","0.04","1.00"
"1312550","GICASYQTQTNSPRR","669","683","100%","53","0","0","2","0.00","0.00","0.07"
"1440875","GICASYQTQTNS","669","680","100%","1","0","0","1","0.00","0.00","0.94"
"1449626","ICASYQTQTNSP","670","681","100%","1","0","0","1","0.00","0.00","0.94"
"1310304","CASYQTQTNSPRRAR","671","685","100%","111","19","3","3","0.17","0.11","0.25"
"1392067","CASYQTQTNSPRRARSVASQ","671","690","100%","1","0","0","1","0.00","0.00","0.94"
"1397261","CASYQTQTNSHRRAR","671","685","93.33%","1","1","1","0","1.00","0.04","1.00"
"1415049","CASYQTQTNSPR","671","682","100%","1","1","1","0","1.00","0.04","1.00"
"1415050","CASYQTQTNSPRRARSV","671","687","100%","1","1","1","0","1.00","0.04","1.00"
"1075070","SYQTQTNSPRRARSVA","673","688","100%","36","10","1","0","0.28","0.16","0.42"
"1087736","SYQTQTNSPRRARSVASQ","673","690","100%","20","0","0","1","0.00","0.00","0.13"
"1313719","SYQTQTNSPRRARSV","673","687","100%","53","0","0","2","0.00","0.00","0.07"
"1394085","SYQTQTNSPRRARSVAS","673","689","100%","1","0","0","1","0.00","0.00","0.94"
"1511957","SYQTQTNSPRRA","673","684","100%","1","1","1","0","1.00","0.04","1.00"
"1397473","YQTQTNSHRRARSVA","674","688","93.33%","1","1","1","0","1.00","0.04","1.00"
"1537198","YQTQTNSPRRARSVA","674","688","100%","1","1","1","0","1.00","0.04","1.00"
"1537197","YQTQTNSPRRAR","674","685","100%","1","1","1","0","1.00","0.04","1.00"
"1334479","QTQTNSPRRARSVAS","675","689","100%","27","7","2","0","0.26","0.13","0.42"
"1495569","QTQTNSPRRARS","675","686","100%","1","1","1","0","1.00","0.04","1.00"
"1310864","TQTNSPRRARSVASQ","676","690","100%","16","1","1","1","0.06","0.00","0.25"
"1518183","TQTNSPRRARSV","676","687","100%","1","1","1","0","1.00","0.04","1.00"
"1323599","QTNSPRRAR","677","685","100%","2","1","1","0","0.50","0.02","0.97"
"1313388","QTNSPRRARSVASQS","677","691","100%","53","0","0","2","0.00","0.00","0.07"
"1495542","QTNSPRRARSVA","677","688","100%","1","1","1","0","1.00","0.04","1.00"
"1483917","NSPRRARSVASQ","679","690","100%","1","0","0","1","0.00","0.00","0.94"
"1541827","NSPRRARSVASQSII","679","693","100%","7","0","0","1","0.00","0.00","0.33"
"1311590","SPRRARSVA","680","688","100%","19","5","2","2","0.26","0.11","0.47"
"1324899","SPRRARSV","680","687","100%","12","2","2","0","0.17","0.03","0.43"
"1394068","SPRRARSVASQSIIAYT","680","696","100%","12","1","1","0","0.08","0.00","0.33"
"1507911","SPRRARSVASQS","680","691","100%","1","0","0","1","0.00","0.00","0.94"
"1310725","PRRARSVASQSIIAY","681","695","100%","88","1","1","3","0.01","0.00","0.06"
"1087687","PRRARSVASQSIIAYTMS","681","698","100%","20","0","0","1","0.00","0.00","0.13"
"1392360","PRRARSVASQSIIAYTMSLG","681","700","100%","1","0","0","1","0.00","0.00","0.94"
"1499732","RRARSVASQSII","682","693","100%","1","0","0","1","0.00","0.00","0.94"
"1542232","RARSVASQSIIAYTM","683","697","100%","7","0","0","1","0.00","0.00","0.33"
"1074855","ARSVASQSIIAYTMSLGAENSVAYSNNSIAIPTNFTISVTTEI","684","726","100%","4","2","1","0","0.50","0.10","0.89"
"1412364","ARSVASQSIIAYTMSLGAENSVA","684","706","100%","1","1","1","0","1.00","0.04","1.00"
"1075041","RSVASQSIIAYTMSL","685","699","100%","89","17","2","1","0.19","0.12","0.28"
"1324060","RSVASQSII","685","693","100%","1","1","1","0","1.00","0.04","1.00"
"1387949","RSVASQSIIAYTMSLGAENSVAYSN","685","709","100%","1","1","1","0","1.00","0.04","1.00"
"1387948","RSVASQSIIAYTMSLG","685","700","100%","40","37","1","0","0.93","0.82","0.98"
"1310825","SVASQSIIAYTMSLG","686","700","100%","15","2","1","0","0.13","0.02","0.35"
"1309588","SVASQSIIAYTMSLGAENSV","686","705","100%","120","0","0","1","0.00","0.00","0.03"
"1325128","SVASQSIIAY","686","695","100%","4","3","1","0","0.75","0.25","0.99"
"1389204","SVASQSIIAYTMSLGA","686","701","100%","40","34","1","0","0.85","0.73","0.93"
"1510623","SVASQSIIAYTM","686","697","100%","1","0","0","1","0.00","0.00","0.94"
"1326261","VASQSIIAY","687","695","100%","7","4","2","0","0.57","0.22","0.86"
"1390202","VASQSIIAYTMSLGAE","687","702","100%","40","34","1","0","0.85","0.73","0.93"
"1394111","VASQSIIAYTMSLGAEN","687","703","100%","1","0","0","1","0.00","0.00","0.94"
"1521485","VASQSIIAYTMS","687","698","100%","1","1","1","0","1.00","0.04","1.00"
"1543007","VASQSIIAYTMSLGA","687","701","100%","7","1","1","0","0.14","0.01","0.50"
"1377883","ASQSIIAYTMSLGAEN","688","703","100%","40","34","1","0","0.85","0.73","0.93"
"1412814","ASQSIIAYTMSL","688","699","100%","1","0","0","1","0.00","0.00","0.94"
"1087730","SQSIIAYTMSLGAENSVA","689","706","100%","20","0","0","1","0.00","0.00","0.13"
"1313657","SQSIIAYTMSLGAEN","689","703","100%","53","1","1","1","0.02","0.00","0.10"
"1388979","SQSIIAYTMSLGAENS","689","704","100%","40","33","1","0","0.83","0.70","0.91"
"1508287","SQSIIAYTMSLG","689","700","100%","1","1","1","0","1.00","0.04","1.00"
"1387406","QSIIAYTMSLGAENSV","690","705","100%","40","33","1","0","0.83","0.70","0.91"
"1495075","QSIIAYTMSLGA","690","701","100%","1","1","1","0","1.00","0.04","1.00"
"58730","SIVAYTMSL","691","699","88.89%","17","1","1","1","0.06","0.00","0.24"
"1310803","SIIAYTMSLGAENSV","691","705","100%","43","5","3","1","0.12","0.05","0.22"
"1309137","SIIAYTMSL","691","699","100%","71","22","6","3","0.31","0.21","0.42"
"1388577","SIIAYTMSLGAENSVA","691","706","100%","40","36","1","0","0.90","0.79","0.96"
"1392426","SIIAYTMSLGAENSVAYSNN","691","710","100%","1","0","0","1","0.00","0.00","0.94"
"1505041","SIIAYTMSLGAE","691","702","100%","1","1","1","0","1.00","0.04","1.00"
"1309779","IIAYTMSL","692","699","100%","5","5","1","0","1.00","0.55","1.00"
"1382597","IIAYTMSLGAENSVAY","692","707","100%","40","33","1","0","0.83","0.70","0.91"
"1451458","IIAYTMSLGAEN","692","703","100%","1","0","0","1","0.00","0.00","0.94"
"1312688","IAYTMSLGAENSVAY","693","707","100%","53","1","1","1","0.02","0.00","0.10"
"1382362","IAYTMSLGAENSVAYS","693","708","100%","40","34","1","0","0.85","0.73","0.93"
"1449597","IAYTMSLGAENS","693","704","100%","1","0","0","1","0.00","0.00","0.94"
"1378029","AYTMSLGAENSVAYSN","694","709","100%","40","35","1","0","0.88","0.75","0.95"
"1393705","AYTMSLGAENSVAYSNN","694","710","100%","1","0","0","1","0.00","0.00","0.94"
"1328800","YTMSLGAENSVAY","695","707","100%","4","1","1","0","0.25","0.01","0.74"
"1543546","YTMSLGAENSVAYSN","695","709","100%","7","2","1","0","0.29","0.05","0.64"
"1310854","TMSLGAENSVAYSNN","696","710","100%","16","1","1","1","0.06","0.00","0.25"
"1087640","MSLGAENSVAYSNNSIAI","697","714","100%","20","0","0","1","0.00","0.00","0.13"
"1313176","MSLGAENSVAYSNNS","697","711","100%","53","0","0","2","0.00","0.00","0.07"
"1477713","MSLGAENSVAYS","697","708","100%","1","0","0","1","0.00","0.00","0.94"
"1506225","SLGAENSVAYSN","698","709","100%","1","1","1","0","1.00","0.04","1.00"
"1074969","LGAENSVAYSNN","699","710","100%","37","8","2","0","0.22","0.11","0.35"
"1320443","LGAENSVAY","699","707","100%","4","1","1","0","0.25","0.01","0.74"
"1541276","LGAENSVAYSNNSIA","699","713","100%","7","1","1","0","0.14","0.01","0.50"
"1310254","AENSVAYSNNSIAIP","701","715","100%","100","5","3","2","0.05","0.02","0.11"
"1393674","AENSVAYSNNSIAIPTN","701","717","100%","1","0","0","1","0.00","0.00","0.94"
"1392033","AENSVAYSNNSIAIPTNFTI","701","720","100%","1","0","0","1","0.00","0.00","0.94"
"1397274","ENSVAYSQNSIAIPT","702","717","93.33%","1","0","0","1","0.00","0.00","0.94"
"1334472","NSVAYSNNSIAIPTNFT","703","719","100%","20","4","1","0","0.20","0.07","0.39"
"1334473","NSVAYSNNSIAIPTNFT","703","719","100%","20","1","1","0","0.05","0.00","0.21"
"1541836","NSVAYSNNSIAIPTN","703","717","100%","7","3","1","0","0.43","0.13","0.76"
"1087766","VAYSNNSIAIPTNFTISV","705","722","100%","20","0","0","1","0.00","0.00","0.13"
"1313836","VAYSNNSIAIPTNFT","705","719","100%","53","2","1","1","0.04","0.01","0.13"
"1310300","AYSNNSIAIPTNFTI","706","720","100%","27","2","2","0","0.07","0.01","0.21"
"1074865","AYSNNSIAIPTNFTISV","706","722","100%","36","10","1","0","0.28","0.16","0.42"
"1309441","AYSNNSIAIPTNFTISVTTE","706","725","100%","120","1","1","0","0.01","0.00","0.05"
"1315180","AYSNNSIAI","706","714","100%","12","1","1","1","0.08","0.00","0.33"
"1543535","YSNNSIAIPTNFTIS","707","721","100%","7","2","1","0","0.29","0.05","0.64"
"1394066","SNNSIAIPTNFTISVTT","708","724","100%","1","0","0","1","0.00","0.00","0.94"
"1507427","SNNSIAIPTNFT","708","719","100%","1","0","0","1","0.00","0.00","0.94"
"1313229","NNSIAIPTNFTISVT","709","723","100%","53","2","1","1","0.04","0.01","0.13"
"1397389","NNSIAIPINFTISVT","709","723","93.33%","1","1","1","0","1.00","0.04","1.00"
"1322613","NSIAIPTNF","710","718","100%","1","1","1","0","1.00","0.04","1.00"
"1310802","SIAIPTNFTISVTTE","711","725","100%","54","5","3","1","0.09","0.04","0.20"
"1392425","SIAIPTNFTISVTTEILPVS","711","730","100%","1","0","0","1","0.00","0.00","0.94"
"1318299","IAIPTNFTI","712","720","100%","8","1","1","1","0.13","0.01","0.46"
"1087456","AIPTNFTISVTTEILPVS","713","730","100%","20","0","0","1","0.00","0.00","0.13"
"1312129","AIPTNFTISVTTEIL","713","727","100%","53","0","0","2","0.00","0.00","0.07"
"1409417","AIPTNFTISVTT","713","724","100%","1","0","0","1","0.00","0.00","0.94"
"1318845","IPTNFTISV","714","722","100%","14","2","2","1","0.14","0.03","0.37"
"1393995","PTNFTISVTTEILPVSM","715","731","100%","12","1","1","0","0.08","0.00","0.33"
"1490406","PTNFTISVTTEI","715","726","100%","1","0","0","1","0.00","0.00","0.94"
"1542035","PTNFTISVTTEILPV","715","729","100%","7","1","1","0","0.14","0.01","0.50"
"1310855","TNFTISVTTEILPVS","716","730","100%","27","4","2","0","0.15","0.05","0.30"
"1309595","TNFTISVTTEILPVSMTKTS","716","735","100%","120","2","1","0","0.02","0.00","0.06"
"1313204","NFTISVTTEILPVSM","717","731","100%","53","0","0","2","0.00","0.00","0.07"
"1479967","NFTISVTTEILP","717","728","100%","1","1","1","0","1.00","0.04","1.00"
"1074898","FTISVTTEIL","718","727","100%","36","3","1","0","0.08","0.02","0.20"
"1317060","FTISVTTEI","718","726","100%","12","3","2","0","0.25","0.07","0.52"
"1542791","TISVTTEILPVSMTK","719","733","100%","7","0","0","1","0.00","0.00","0.33"
"1072965","SVTTEILPVSMTKTS","721","735","100%","135","5","3","4","0.04","0.02","0.08"
"1075068","SVTTEILPVSMTKTSVDCTMYICGDSTECSNLLLQYGSFCTQL","721","763","100%","4","2","1","0","0.50","0.10","0.89"
"1087735","SVTTEILPVSMTKTSVDC","721","738","100%","20","0","0","1","0.00","0.00","0.13"
"1334484","SVTTEILPVSMTK","721","733","100%","20","7","1","0","0.35","0.18","0.55"
"1392441","SVTTEILPVSMTKTSVDCTM","721","740","100%","1","0","0","1","0.00","0.00","0.94"
"1394147","VTTEILPVSMTKTSVDC","722","738","100%","1","0","0","1","0.00","0.00","0.94"
"1542927","TTEILPVSMTKTSVD","723","737","100%","7","1","1","0","0.14","0.01","0.50"
"1087408","TEILPVSMTK","724","733","100%","26","3","1","1","0.12","0.03","0.26"
"1315818","EILPVSMTK","725","733","100%","12","1","1","1","0.08","0.00","0.33"
"1312357","EILPVSMTKTSVDCT","725","739","100%","53","1","1","1","0.02","0.00","0.10"
"1310497","ILPVSMTKTSVDCTM","726","740","100%","15","0","0","1","0.00","0.00","0.17"
"1309493","ILPVSMTKTSVDCTMYICGD","726","745","100%","120","1","1","0","0.01","0.00","0.05"
"1071314","LPVSMTKTSVDCTMY","727","741","100%","8","0","0","2","0.00","0.00","0.30"
"1490901","PVSMTKTSVDCTMY","728","741","100%","1","1","1","0","1.00","0.04","1.00"
"1087786","VSMTKTSVDCTMYICGDS","729","746","100%","20","0","0","1","0.00","0.00","0.13"
"1313921","VSMTKTSVDCTMYIC","729","743","100%","53","1","1","1","0.02","0.00","0.10"
"1394143","VSMTKTSVDCTMYICGD","729","745","100%","12","2","1","0","0.17","0.03","0.43"
"1310649","MTKTSVDCTMYICGD","731","745","100%","42","0","0","3","0.00","0.00","0.07"
"1392313","MTKTSVDCTMYICGDSTECS","731","750","100%","1","0","0","1","0.00","0.00","0.94"
"1074962","KTSVDCTMYI","733","742","100%","36","2","1","0","0.06","0.01","0.16"
"1312924","KTSVDCTMYICGDST","733","747","100%","53","0","0","2","0.00","0.00","0.07"
"1542615","SVDCTMYICGDSTEC","735","749","100%","7","0","0","1","0.00","0.00","0.33"
"1310877","VDCTMYICGDSTECS","736","750","100%","15","0","0","1","0.00","0.00","0.17"
"1394114","VDCTMYICGDSTECSNL","736","752","100%","1","0","0","1","0.00","0.00","0.94"
"1522039","VDCTMYICGDST","736","747","100%","1","0","0","1","0.00","0.00","0.94"
"1087471","DCTMYICGDSTECSNLLL","737","754","100%","20","0","0","1","0.00","0.00","0.13"
"1312282","DCTMYICGDSTECSN","737","751","100%","54","1","1","2","0.02","0.00","0.10"
"1418340","CTMYICGDSTEC","738","749","100%","1","0","0","1","0.00","0.00","0.94"
"1516941","TMYICGDSTECS","739","750","100%","1","0","0","1","0.00","0.00","0.94"
"1542851","TMYICGDSTECSNLL","739","753","100%","7","1","1","0","0.14","0.01","0.50"
"1310956","YICGDSTECSNLLLQ","741","755","100%","88","0","0","4","0.00","0.00","0.04"
"1392529","YICGDSTECSNLLLQYGSFC","741","760","100%","1","0","0","1","0.00","0.00","0.94"
"1393709","CGDSTECSNLLLQYGSF","743","759","100%","1","0","0","1","0.00","0.00","0.94"
"1539691","CGDSTECSNLLLQYG","743","757","100%","7","0","0","1","0.00","0.00","0.33"
"1069347","DSTECSNLLLQYGSF","745","759","100%","54","2","1","2","0.04","0.01","0.13"
"1087489","DSTECSNLLLQYGSFCTQ","745","762","100%","20","0","0","1","0.00","0.00","0.13"
"1309139","STECSNLLLQYGSFC","746","760","100%","61","4","3","0","0.07","0.03","0.16"
"1309586","STECSNLLLQYGSFCTQLNR","746","765","100%","120","7","1","0","0.06","0.03","0.12"
"1333801","STECSNLLLQY","746","756","100%","13","7","1","0","0.54","0.29","0.77"
"1325401","TECSNLLLQY","747","756","100%","5","3","1","0","0.60","0.19","0.92"
"1542707","TECSNLLLQYGSFCT","747","761","100%","7","0","0","1","0.00","0.00","0.33"
"1312272","CSNLLLQYGSFCTQL","749","763","100%","53","0","0","2","0.00","0.00","0.07"
"1394065","SNLLLQYGSFCTQLNRA","750","766","100%","12","3","1","0","0.25","0.07","0.52"
"1330099","SNLLLQYGSFCT","750","761","100%","1","1","1","0","1.00","0.04","1.00"
"1071580","NLLLQYGSFCTQLNR","751","765","100%","89","14","4","2","0.16","0.10","0.25"
"1392326","NLLLQYGSFCTQLNRALTGI","751","770","100%","1","0","0","1","0.00","0.00","0.94"
"37724","LLQYGSFCT","753","761","100%","36","5","1","0","0.14","0.06","0.26"
"1087613","LLQYGSFCTQLNRALTGI","753","770","100%","20","0","0","1","0.00","0.00","0.13"
"1313008","LLQYGSFCTQLNRAL","753","767","100%","54","1","1","2","0.02","0.00","0.10"
"1329725","LQYGSFCTQLNR","754","765","100%","1","0","0","1","0.00","0.00","0.94"
"52911","QYGSFCTQL","755","763","100%","8","0","0","1","0.00","0.00","0.30"
"1542222","QYGSFCTQLNRALTG","755","769","100%","7","0","0","1","0.00","0.00","0.33"
"1310955","YGSFCTQLNRALTGI","756","770","100%","14","1","1","0","0.07","0.00","0.29"
"1309617","YGSFCTQLNRALTGIAVEQD","756","775","100%","120","2","1","0","0.02","0.00","0.06"
"1070003","GSFCTQLNRALTGIA","757","771","100%","54","0","0","3","0.00","0.00","0.07"
"22322","GSFCTQLNR","757","765","100%","36","2","1","0","0.06","0.01","0.16"
"1393808","GSFCTQLNRALTGIAVE","757","773","100%","1","0","0","1","0.00","0.00","0.94"
"1540216","FCTQLNRALTGIAVE","759","773","100%","7","3","1","0","0.43","0.13","0.76"
"1311660","CTQLNRALTGIAVEQDKNTQEVFAQVKQI","760","788","100%","1","1","1","0","1.00","0.04","1.00"
"1310863","TQLNRALTGIAVEQD","761","775","100%","100","6","3","2","0.06","0.03","0.12"
"1087411","TQLNRALTGI","761","770","100%","36","2","1","0","0.06","0.01","0.16"
"1087754","TQLNRALTGIAVEQDKNT","761","778","100%","20","0","0","1","0.00","0.00","0.13"
"1389898","TQLNRALTGIAVEQDK","761","776","100%","40","32","1","0","0.80","0.67","0.89"
"1392475","TQLNRALTGIAVEQDKNTQE","761","780","100%","1","0","0","1","0.00","0.00","0.94"
"1392476","TQLNRALTGIAVEQDKNTQEVFAQVKQIYKTPPIKDFGG","761","799","100%","19","4","1","0","0.21","0.07","0.41"
"1518044","TQLNRALTGIAVEQDKNTQ","761","779","100%","1","1","1","0","1.00","0.04","1.00"
"1518045","TQLNRALTGIAVEQDKNTQEVFA","761","783","100%","1","1","1","0","1.00","0.04","1.00"
"1541426","LNRALTGIAVEQDKN","763","777","100%","7","4","1","0","0.57","0.22","0.86"
"1393962","NRALTGIAVEQDKNTQE","764","780","100%","1","0","0","1","0.00","0.00","0.94"
"1313403","RALTGIAVEQDKNTQ","765","779","100%","54","3","2","1","0.06","0.02","0.15"
"1496479","RALTGIAVEQDKNTQEVFAQV","765","785","100%","1","1","1","0","1.00","0.04","1.00"
"1310274","ALTGIAVEQDKNTQE","766","780","100%","14","0","0","1","0.00","0.00","0.18"
"1309424","ALTGIAVEQDKNTQEVFAQV","766","785","100%","120","4","1","0","0.03","0.01","0.08"
"1541514","LTGIAVEQDKNTQEV","767","781","100%","7","2","1","0","0.29","0.05","0.64"
"1389540","TGIAVEQDKNTQEVFAQV","768","785","100%","1","1","1","0","1.00","0.04","1.00"
"1389539","TGIAVEQDKNTQEVFA","768","783","100%","40","32","1","0","0.80","0.67","0.89"
"1087531","GIAVEQDKNTQEVFAQVK","769","786","100%","1","1","1","0","1.00","0.04","1.00"
"1311691","GIAVEQDKNTQE","769","780","100%","2","2","2","0","1.00","0.22","1.00"
"1312549","GIAVEQDKNTQEVFA","769","783","100%","53","2","1","1","0.04","0.01","0.13"
"1381259","GIAVEQDKNTQEVFAQ","769","784","100%","40","31","1","0","0.78","0.64","0.87"
"1311705","IAVEQDKN","770","777","100%","1","1","1","0","1.00","0.04","1.00"
"1382361","IAVEQDKNTQEVFAQV","770","785","100%","40","31","1","0","0.78","0.64","0.87"
"1310295","AVEQDKNTQEVFAQV","771","785","100%","41","2","1","2","0.05","0.01","0.14"
"1393700","AVEQDKNTQEVFAQVKQ","771","787","100%","1","0","0","1","0.00","0.00","0.94"
"1392062","AVEQDKNTQEVFAQVKQIYK","771","790","100%","1","0","0","1","0.00","0.00","0.94"
"1312376","EQDKNTQEVFAQVKQ","773","787","100%","53","2","1","1","0.04","0.01","0.13"
"1539898","DKNTQEVFAQVKQIY","775","789","100%","7","1","1","0","0.14","0.01","0.50"
"1310548","KNTQEVFAQVKQIYK","776","790","100%","27","1","1","1","0.04","0.00","0.16"
"1309503","KNTQEVFAQVKQIYKTPPIK","776","795","100%","120","8","1","0","0.07","0.03","0.13"
"1087670","NTQEVFAQVKQIYKTPPI","777","794","100%","1","1","1","0","1.00","0.04","1.00"
"1313257","NTQEVFAQVKQIYKT","777","791","100%","54","1","1","2","0.02","0.00","0.10"
"1329851","NTQEVFAQVKQIYK","777","790","100%","1","1","1","0","1.00","0.04","1.00"
"1330231","TQEVFAQVKQIYKTPPI","778","794","100%","1","0","0","1","0.00","0.00","0.94"
"1075019","QEVFAQVKQIYK","779","790","100%","37","6","2","0","0.16","0.07","0.29"
"1311791","QEVFAQVKQIYKTPPIKDFGGFNFSQILPDPSKPSK","779","814","100%","1","1","1","0","1.00","0.04","1.00"
"1323207","QEVFAQVKQIY","779","789","100%","5","1","1","0","0.20","0.01","0.64"
"1329937","QEVFAQVKQIYKTPP","779","793","100%","7","0","0","1","0.00","0.00","0.33"
"1316107","EVFAQVKQI","780","788","100%","4","1","1","0","0.25","0.01","0.74"
"1316108","EVFAQVKQIY","780","789","100%","4","1","1","0","0.25","0.01","0.74"
"1310884","VFAQVKQIYKTPPIK","781","795","100%","101","4","4","2","0.04","0.02","0.10"
"1326322","VFAQVKQIY","781","789","100%","10","2","2","0","0.20","0.04","0.49"
"1392487","VFAQVKQIYKTPPIKDFGGF","781","800","100%","1","0","0","1","0.00","0.00","0.94"
"1392488","VFAQVKQIYKTPPIKDFGGFNFSQILPDPSKPSKRSFIE","781","819","100%","19","3","1","0","0.16","0.04","0.35"
"1311674","FAQVKQIYKTPPIKDFGGFNFSQI","782","805","100%","1","1","1","0","1.00","0.04","1.00"
"1546300","FAQVKQIYK","782","790","100%","8","0","0","1","0.00","0.00","0.30"
"1431433","FAQVKQIYKTPPIKDFGGFNF","782","802","100%","1","1","1","0","1.00","0.04","1.00"
"1539567","AQVKQIYKTPPIKDF","783","797","100%","7","1","1","0","0.14","0.01","0.50"
"1087780","VKQIYKTPPIKDFGGFNF","785","802","100%","59","2","1","0","0.03","0.01","0.12"
"1313875","VKQIYKTPPIKDFGG","785","799","100%","54","1","1","2","0.02","0.00","0.10"
"1334204","VKQIYKT","785","791","100%","55","3","1","0","0.05","0.02","0.15"
"1390587","VKQIYKTPPIKDFGGFNFSQILPDPSK","785","811","100%","1","1","1","0","1.00","0.04","1.00"
"1390585","VKQIYKTPPIKDFGGF","785","800","100%","40","34","1","0","0.85","0.73","0.93"
"1394123","VKQIYKTPPIKDFGGFN","785","801","100%","1","0","0","1","0.00","0.00","0.94"
"1310550","KQIYKTPPIKDFGGF","786","800","100%","14","0","0","1","0.00","0.00","0.18"
"1074959","KQIYKTPPIKDF","786","797","100%","37","5","2","0","0.14","0.05","0.26"
"1309504","KQIYKTPPIKDFGGFNFSQI","786","805","100%","120","3","1","0","0.03","0.01","0.07"
"1383774","KQIYKTPPIKDFGGFN","786","801","100%","40","34","1","0","0.85","0.73","0.93"
"1311461","QIYKTPP","787","793","100%","1","1","1","0","1.00","0.04","1.00"
"1313344","QIYKTPPIK","787","795","100%","18","0","0","2","0.00","0.00","0.15"
"1387164","QIYKTPPIKDFGGFNF","787","802","100%","40","34","1","0","0.85","0.73","0.93"
"1542124","QIYKTPPIKDFGGFN","787","801","100%","7","1","1","0","0.14","0.01","0.50"
"1330491","IYKTPPIKDF","788","797","100%","12","1","1","1","0.08","0.00","0.33"
"1383165","IYKTPPIKDFGGFNFS","788","803","100%","40","35","1","0","0.88","0.75","0.95"
"1314005","YKTPPIKDFGGFNFS","789","803","100%","54","2","2","1","0.04","0.01","0.13"
"1391479","YKTPPIKDFGGFNFSQ","789","804","100%","40","33","1","0","0.83","0.70","0.91"
"1346531","YKTPPIKDFGG","789","799","100%","1","1","1","0","1.00","0.04","1.00"
"1383963","KTPPIKDFGGFNFSQI","790","805","100%","40","33","1","0","0.83","0.70","0.91"
"1310860","TPPIKDFGGFNFSQI","791","805","100%","54","2","2","2","0.04","0.01","0.13"
"1389864","TPPIKDFGGFNFSQIL","791","806","100%","40","34","1","0","0.85","0.73","0.93"
"1392468","TPPIKDFGGFNFSQILPDPS","791","810","100%","1","0","0","1","0.00","0.00","0.94"
"1386807","PPIKDFGGFNFSQILP","792","807","100%","40","32","1","0","0.80","0.67","0.89"
"1393989","PPIKDFGGFNFSQILPD","792","808","100%","1","0","0","1","0.00","0.00","0.94"
"1087679","PIKDFGGFNFSQILPDPS","793","810","100%","1","1","1","0","1.00","0.04","1.00"
"1313282","PIKDFGGFNFSQILP","793","807","100%","53","0","0","2","0.00","0.00","0.07"
"1334475","PIKDFGGFNFSQILPDPSKP","793","812","100%","20","4","1","0","0.20","0.07","0.39"
"1334476","PIKDFGGFNFSQILPDPSKP","793","812","100%","20","2","1","0","0.10","0.02","0.27"
"1386678","PIKDFGGFNFSQILPD","793","808","100%","40","32","1","0","0.80","0.67","0.89"
"1382648","IKDFGGFNFSQILPDP","794","809","100%","40","35","1","0","0.88","0.75","0.95"
"1074948","KDFGGFNFSQILPDPSKPSKRSFIEDLLFNKVTLADAGFIKQY","795","837","100%","4","1","1","0","0.25","0.01","0.74"
"1383244","KDFGGFNFSQILPDPS","795","810","100%","40","35","1","0","0.88","0.75","0.95"
"1540944","KDFGGFNFSQILPDP","795","809","100%","7","0","0","1","0.00","0.00","0.33"
"1310327","DFGGFNFSQILPDPS","796","810","100%","15","1","1","1","0.07","0.00","0.27"
"1309447","DFGGFNFSQILPDPSKPSKR","796","815","100%","120","7","1","0","0.06","0.03","0.12"
"1378524","DFGGFNFSQILPDPSK","796","811","100%","40","36","1","0","0.90","0.79","0.96"
"1312421","FGGFNFSQILPDPSK","797","811","100%","62","1","1","2","0.02","0.00","0.09"
"1432856","FGGFNFSQILPDPSKPSKR","797","815","100%","1","1","1","0","1.00","0.04","1.00"
"1397120","FGGFNFSQILPDPSKPSKRS","797","816","100%","15","3","1","0","0.20","0.06","0.43"
"1381122","GGFNFSQILPDPSKPS","798","813","100%","40","35","1","0","0.88","0.75","0.95"
"1381123","GGFNFSQILPDPSKPSK","798","814","100%","1","1","1","0","1.00","0.04","1.00"
"1381079","GFNFSQILPDPSKPSK","799","814","100%","40","37","1","0","0.93","0.82","0.98"
"1330463","GFNFSQILPDPSKPSKR","799","815","100%","1","0","0","1","0.00","0.00","0.94"
"1540447","GFNFSQILPDPSKPS","799","813","100%","7","1","1","0","0.14","0.01","0.50"
"1071526","NFSQILPDPSKPSKRSFI","801","818","100%","26","0","0","2","0.00","0.00","0.10"
"1309132","NFSQILPDPSKPSKR","801","815","100%","145","11","6","3","0.08","0.04","0.13"
"1392321","NFSQILPDPSKPSKRSFIED","801","820","100%","1","0","0","1","0.00","0.00","0.94"
"1392322","NFSQILPDPSKPSKRSFIEDLLFNKVTLADAGFIKQYGD","801","839","100%","19","15","1","0","0.79","0.58","0.92"
"1479937","NFSQILPDPSKPSKRSFIE","801","819","100%","1","1","1","0","1.00","0.04","1.00"
"1479936","NFSQILPDPSKPSKRS","801","816","100%","1","1","1","0","1.00","0.04","1.00"
"1316945","FSQILPDPSKPSKRSFIE","802","819","100%","330","189","2","1","0.57","0.52","0.62"
"1329421","FSQILPDPSKPS","802","813","100%","1","1","1","0","1.00","0.04","1.00"
"1330597","SQILPDPSKPSK","803","814","100%","1","1","1","0","1.00","0.04","1.00"
"1542556","SQILPDPSKPSKRSF","803","817","100%","7","1","1","0","0.14","0.01","0.50"
"1387145","QILPDPSKPSKRSFIE","804","819","100%","40","34","1","0","0.85","0.73","0.93"
"1387146","QILPDPSKPSKRSFIED","804","820","100%","1","1","1","0","1.00","0.04","1.00"
"1074928","ILPDPSKPSK","805","814","100%","36","2","1","0","0.06","0.01","0.16"
"1312733","ILPDPSKPSKRSFIE","805","819","100%","54","4","2","1","0.07","0.03","0.18"
"1382732","ILPDPSKPSKRSFIED","805","820","100%","40","34","1","0","0.85","0.73","0.93"
"1310609","LPDPSKPSKRSFIED","806","820","100%","27","1","1","1","0.04","0.00","0.16"
"1309519","LPDPSKPSKRSFIEDLLFNK","806","825","100%","120","75","1","0","0.63","0.54","0.71"
"1393905","LPDPSKPSKRSFIEDLL","806","822","100%","1","0","0","1","0.00","0.00","0.94"
"1311782","PDPSKPSKRSFIEDLLFNKVTLAD","807","830","100%","1","1","1","0","1.00","0.04","1.00"
"1386561","PDPSKPSKRSFIEDLL","807","822","100%","40","36","1","0","0.90","0.79","0.96"
"1386562","PDPSKPSKRSFIEDLLFNKVTLADAG","807","832","100%","1","1","1","0","1.00","0.04","1.00"
"1541914","PDPSKPSKRSFIEDL","807","821","100%","7","3","1","0","0.43","0.13","0.76"
"1378988","DPSKPSKRSFIEDLLF","808","823","100%","40","32","1","0","0.80","0.67","0.89"
"1071808","PSKPSKRSFIEDLLFNKV","809","826","100%","7","7","2","0","1.00","0.65","1.00"
"1313311","PSKPSKRSFIEDLLF","809","823","100%","63","4","3","1","0.06","0.02","0.15"
"1386894","PSKPSKRSFIEDLLFN","809","824","100%","40","32","1","0","0.80","0.67","0.89"
"1388654","SKPSKRSFIEDLLFNK","810","825","100%","40","36","1","0","0.90","0.79","0.96"
"1397994","SKPSKRSFIEDLLF","810","823","100%","152","6","1","0","0.04","0.02","0.08"
"1070803","KPSKRSFIEDLLFNK","811","825","100%","240","145","5","1","0.60","0.54","0.66"
"1383744","KPSKRSFIEDLLFNKV","811","826","100%","40","35","1","0","0.88","0.75","0.95"
"1392244","KPSKRSFIEDLLFNKVTLAD","811","830","100%","1","1","1","0","1.00","0.04","1.00"
"1386895","PSKRSFIEDLLFNKVT","812","827","100%","40","36","1","0","0.90","0.79","0.96"
"1313576","SKRSFIEDLLFNKVT","813","827","100%","54","2","2","1","0.04","0.01","0.13"
"1388662","SKRSFIEDLLFNKVTL","813","828","100%","40","35","1","0","0.88","0.75","0.95"
"1345253","SKRSFIEDLLF","813","823","100%","1","1","1","0","1.00","0.04","1.00"
"1370489","SKRSFIEDLLFNKVTLA","813","829","100%","13","5","2","0","0.38","0.16","0.63"
"1505853","SKRSFIEDLLFNKVTLADA","813","831","100%","1","1","1","0","1.00","0.04","1.00"
"1383831","KRSFIEDLLFNKVTLA","814","829","100%","40","36","1","0","0.90","0.79","0.96"
"1398137","K814, I980, R995, Q1002","814","1002","100%","1","1","1","0","1.00","0.04","1.00"
"1398138","K814, R995","814","995","100%","1","1","1","0","1.00","0.04","1.00"
"1398139","K814, Y917, Q920, K921","814","921","100%","1","1","1","0","1.00","0.04","1.00"
"1461831","KRSFIEDLLFNKVT","814","827","100%","1","1","1","0","1.00","0.04","1.00"
"1311839","RSFIEDLLFNK","815","825","100%","1","1","1","0","1.00","0.04","1.00"
"1311840","RSFIEDLLFNKV","815","826","100%","2","2","2","0","1.00","0.22","1.00"
"1387913","RSFIEDLLFNKVTLAD","815","830","100%","40","34","1","0","0.85","0.73","0.93"
"1392569","R815","815","815","100%","4","2","1","0","0.50","0.10","0.89"
"1330030","RSFIEDLLFNKVTLA","815","829","100%","7","1","1","0","0.14","0.01","0.50"
"1310796","SFIEDLLFNKVTLAD","816","830","100%","29","11","4","0","0.38","0.23","0.54"
"1309578","SFIEDLLFNKVTLADAGFIK","816","835","100%","120","13","1","0","0.11","0.06","0.18"
"1333523","SFIEDLLF","816","823","100%","4","1","1","0","0.25","0.01","0.74"
"1388273","SFIEDLLFNKVTLADA","816","831","100%","40","35","1","0","0.88","0.75","0.95"
"1392571","S816","816","816","100%","4","1","1","0","0.25","0.01","0.74"
"1330061","SFIEDLLFNKVT","816","827","100%","1","1","1","0","1.00","0.04","1.00"
"1069521","FIEDLLFNKVTLADA","817","831","100%","54","0","0","3","0.00","0.00","0.07"
"1069522","FIEDLLFNKVTLADAGFI","817","834","100%","26","0","0","2","0.00","0.00","0.10"
"1380425","FIEDLLFNKVTLADAG","817","832","100%","40","37","1","0","0.93","0.82","0.98"
"1392562","F817","817","817","100%","4","1","1","0","0.25","0.01","0.74"
"1546420","FIEDLLFNK","817","825","100%","8","0","0","1","0.00","0.00","0.30"
"1392564","I818","818","818","100%","4","1","1","0","0.25","0.01","0.74"
"11384","EDLLFNKVTLADAGF","819","833","100%","11","3","2","1","0.27","0.08","0.55"
"1331519","EDLLFN","819","824","100%","64","2","1","0","0.03","0.01","0.11"
"1392560","E819","819","819","100%","15","9","1","0","0.60","0.36","0.80"
"1393725","DLLFNKVTLADAGFIKQ","820","836","100%","1","0","0","1","0.00","0.00","0.94"
"1392110","DLLFNKVTL","820","828","100%","1","1","1","0","1.00","0.04","1.00"
"1392558","D820","820","820","100%","4","1","1","0","0.25","0.01","0.74"
"1310593","LLFNKVTLADAGFIK","821","835","100%","100","2","2","3","0.02","0.01","0.07"
"37289","LLFNKVTLA","821","829","100%","69","9","2","3","0.13","0.07","0.23"
"1392270","LLFNKVTLADAGFIKQYGDC","821","840","100%","1","0","0","1","0.00","0.00","0.94"
"1392567","L821","821","821","100%","4","1","1","0","0.25","0.01","0.74"
"1069551","FNKVTLADAGFIKQY","823","837","100%","8","0","0","2","0.00","0.00","0.30"
"1397381","NKVTLADVGFIKQYG","824","838","93.33%","1","1","1","0","1.00","0.04","1.00"
"1070832","KVTLADAGFIKQYGDCLG","825","842","100%","26","0","0","2","0.00","0.00","0.10"
"1312933","KVTLADAGFIKQYGD","825","839","100%","53","1","1","1","0.02","0.00","0.10"
"1392565","K825","825","825","100%","4","1","1","0","0.25","0.01","0.74"
"1310925","VTLADAGFIKQYGDC","826","840","100%","27","2","1","1","0.07","0.01","0.21"
"1309606","VTLADAGFIKQYGDCLGDIA","826","845","100%","120","4","1","0","0.03","0.01","0.08"
"1325536","TLADAGFIK","827","835","100%","22","1","1","2","0.05","0.00","0.19"
"1394099","TLADAGFIKQYGDCLGD","827","843","100%","1","0","0","1","0.00","0.00","0.94"
"1542820","TLADAGFIKQYGDCL","827","841","100%","7","1","1","0","0.14","0.01","0.50"
"1330515","LADAGFIKQY","828","837","100%","16","2","1","1","0.13","0.02","0.33"
"1068878","ADAGFIKQYGDCLGD","829","843","100%","54","0","0","3","0.00","0.00","0.07"
"1314170","ADAGFIKQY","829","837","100%","5","1","1","0","0.20","0.01","0.64"
"1310259","AGFIKQYGDCLGDIA","831","845","100%","54","4","2","2","0.07","0.03","0.18"
"1392035","AGFIKQYGDCLGDIAARDLI","831","850","100%","1","0","0","1","0.00","0.00","0.94"
"1329091","AGFIKQYGDCLG","831","842","100%","1","1","1","0","1.00","0.04","1.00"
"1074907","GFIKQYGDCLGDIAARDLICAQKFNGLTVLPPLLTDEMIAQYT","832","874","100%","4","2","1","0","0.50","0.10","0.89"
"1069524","FIKQYGDCLGDIAARDLI","833","850","100%","26","0","0","2","0.00","0.00","0.10"
"1312434","FIKQYGDCLGDIAAR","833","847","100%","53","1","1","1","0.02","0.00","0.10"
"1393846","IKQYGDCLGDIAARDLI","834","850","100%","1","0","0","1","0.00","0.00","0.94"
"1070810","KQYGDCLGDIAARDL","835","849","100%","8","2","1","1","0.25","0.05","0.59"
"1310755","QYGDCLGDIAARDLI","836","850","100%","27","1","1","1","0.04","0.00","0.16"
"1309566","QYGDCLGDIAARDLICAQKF","836","855","100%","120","1","1","0","0.01","0.00","0.05"
"1313992","YGDCLGDIAARDLIC","837","851","100%","54","2","2","1","0.04","0.01","0.13"
"1539801","DCLGDIAARDLICAQ","839","853","100%","7","1","1","0","0.14","0.01","0.50"
"1071133","LGDIAARDLICAQKF","841","855","100%","101","1","1","5","0.01","0.00","0.05"
"1087608","LGDIAARDLICAQKFNGL","841","858","100%","20","0","0","1","0.00","0.00","0.13"
"1393892","LGDIAARDLICAQKFNG","841","857","100%","1","0","0","1","0.00","0.00","0.94"
"1392262","LGDIAARDLICAQKFNGLTV","841","860","100%","1","0","0","1","0.00","0.00","0.94"
"1539876","DIAARDLICAQKFNG","843","857","100%","7","0","0","1","0.00","0.00","0.33"
"1382315","IAARDLICAQKFNGLT","844","859","100%","40","34","1","0","0.85","0.73","0.93"
"1449120","IAARDLICAQKF","844","855","100%","1","0","0","1","0.00","0.00","0.94"
"1312101","AARDLICAQKFNGLT","845","859","100%","53","0","0","2","0.00","0.00","0.07"
"1406856","AARDLICAQKFN","845","856","100%","1","1","1","0","1.00","0.04","1.00"
"1310284","ARDLICAQKFNGLTV","846","860","100%","27","1","1","1","0.04","0.00","0.16"
"1309429","ARDLICAQKFNGLTVLPPLL","846","865","100%","120","0","0","1","0.00","0.00","0.03"
"1072117","RDLICAQKFNGLTVL","847","861","100%","8","0","0","2","0.00","0.00","0.30"
"1393724","DLICAQKFNGLTVLPPL","848","864","100%","1","0","0","1","0.00","0.00","0.94"
"532715","LICAQKFNGLTVLPP","849","863","100%","56","0","0","3","0.00","0.00","0.06"
"1087611","LICAQKFNGLTVLPPLLT","849","866","100%","20","0","0","1","0.00","0.00","0.13"
"1449616","ICAQKFNGLTVLPPLL","850","865","100%","1","1","1","0","1.00","0.04","1.00"
"1310303","CAQKFNGLTVLPPLL","851","865","100%","50","2","2","2","0.04","0.01","0.12"
"1392066","CAQKFNGLTVLPPLLTDEMI","851","870","100%","1","0","0","1","0.00","0.00","0.94"
"1071969","QKFNGLTVLPPLLTD","853","867","100%","54","0","0","3","0.00","0.00","0.07"
"1310415","FNGLTVLPPLLTDEM","855","869","100%","47","7","3","0","0.15","0.07","0.26"
"1393768","FNGLTVLPPLLTDEMIA","855","871","100%","1","0","0","1","0.00","0.00","0.94"
"1310659","NGLTVLPPLLTDEMI","856","870","100%","12","0","0","1","0.00","0.00","0.21"
"1309532","NGLTVLPPLLTDEMIAQYTS","856","875","100%","120","1","1","0","0.01","0.00","0.05"
"1087534","GLTVLPPLLTDEMIAQYT","857","874","100%","20","0","0","1","0.00","0.00","0.13"
"1125063","GLTVLPPLL","857","865","100%","17","2","2","1","0.12","0.02","0.32"
"1312570","GLTVLPPLLTDEMIA","857","871","100%","53","1","1","1","0.02","0.00","0.10"
"1473843","LTVLPPLLTDEMIA","858","871","100%","1","1","1","0","1.00","0.04","1.00"
"1073496","TVLPPLLTDEMIAQY","859","873","100%","8","1","1","1","0.13","0.01","0.46"
"1075094","VLPPLLTDEMIAQYT","860","874","100%","36","7","1","0","0.19","0.09","0.33"
"1310611","LPPLLTDEMIAQYTS","861","875","100%","96","3","2","3","0.03","0.01","0.09"
"1321084","LPPLLTDEM","861","869","100%","4","1","1","0","0.25","0.01","0.74"
"1392278","LPPLLTDEMIAQYTSALLAG","861","880","100%","1","0","0","1","0.00","0.00","0.94"
"1470996","LPPLLTDEMIAQ","861","872","100%","1","1","1","0","1.00","0.04","1.00"
"1393990","PPLLTDEMIAQYTSALL","862","878","100%","1","0","0","1","0.00","0.00","0.94"
"1489123","PPLLTDEMIAQY","862","873","100%","1","1","1","0","1.00","0.04","1.00"
"1488313","PLLTDEMIAQYT","863","874","100%","1","1","1","0","1.00","0.04","1.00"
"1541977","PLLTDEMIAQYTSAL","863","877","100%","7","3","1","0","0.43","0.13","0.76"
"1332664","LLTDEMIAQY","864","873","100%","5","1","1","0","0.20","0.01","0.64"
"1469566","LLTDEMIAQYTS","864","875","100%","1","0","0","1","0.00","0.00","0.94"
"1071338","LTDEMIAQYTSALLA","865","879","100%","54","2","1","2","0.04","0.01","0.13"
"1087625","LTDEMIAQYTSALLAGTI","865","882","100%","20","0","0","1","0.00","0.00","0.13"
"1310623","LTDEMIAQY","865","873","100%","58","27","7","0","0.47","0.34","0.59"
"1332727","LTDEMIAQYT","865","874","100%","7","1","1","0","0.14","0.01","0.50"
"1473218","LTDEMIAQYTSA","865","876","100%","1","0","0","1","0.00","0.00","0.94"
"1309140","TDEMIAQYTSALLAG","866","880","100%","57","8","3","0","0.14","0.07","0.25"
"1333921","TDEMIAQY","866","873","100%","7","2","1","0","0.29","0.05","0.64"
"1330164","TDEMIAQYTSALLA","866","879","100%","15","4","1","0","0.27","0.10","0.50"
"1512963","TDEMIAQYTSAL","866","877","100%","1","0","0","1","0.00","0.00","0.94"
"1329250","DEMIAQYTSALL","867","878","100%","1","0","0","1","0.00","0.00","0.94"
"1329256","DEMIAQYTSALLAGT","867","881","100%","7","1","1","0","0.14","0.01","0.50"
"1329340","EMIAQYTSALLA","868","879","100%","1","0","0","1","0.00","0.00","0.94"
"1074998","MIAQYTSALLAGTITSGWTFGAGAALQIPFAMQMAYRFNGIGV","869","911","100%","4","2","1","0","0.50","0.10","0.89"
"1313153","MIAQYTSAL","869","877","100%","18","4","2","0","0.22","0.08","0.43"
"1313154","MIAQYTSALLAGTIT","869","883","100%","53","0","0","2","0.00","0.00","0.07"
"1393927","MIAQYTSALLAGTITSG","869","885","100%","1","0","0","1","0.00","0.00","0.94"
"1329762","MIAQYTSALLAG","869","880","100%","1","0","0","1","0.00","0.00","0.94"
"1329565","IAQYTSALLAGT","870","881","100%","1","0","0","1","0.00","0.00","0.94"
"1069137","AQYTSALLAGTITSG","871","885","100%","51","2","2","3","0.04","0.01","0.13"
"1392053","AQYTSALLAGTITSGWTFGA","871","890","100%","1","0","0","1","0.00","0.00","0.94"
"1412132","AQYTSALLAGTI","871","882","100%","1","0","0","1","0.00","0.00","0.94"
"1496254","QYTSALLAGTIT","872","883","100%","1","0","0","1","0.00","0.00","0.94"
"1087813","YTSALLAGTITSGWTFGA","873","890","100%","20","0","0","1","0.00","0.00","0.13"
"1314060","YTSALLAGTITSGWT","873","887","100%","53","0","0","2","0.00","0.00","0.07"
"1542378","SALLAGTITSGWTFG","875","889","100%","7","0","0","1","0.00","0.00","0.33"
"1310271","ALLAGTITSGWTFGA","876","890","100%","23","1","1","1","0.04","0.00","0.18"
"1393688","ALLAGTITSGWTFGAGA","876","892","100%","1","0","0","1","0.00","0.00","0.94"
"1071265","LLAGTITSGWTFGAG","877","891","100%","54","0","0","3","0.00","0.00","0.07"
"1463885","LAGTITSGWTFG","878","889","100%","1","0","0","1","0.00","0.00","0.94"
"1539457","AGTITSGWTFGAGAA","879","893","100%","7","0","0","1","0.00","0.00","0.33"
"1074916","GTITSGWTF","880","888","100%","44","5","3","1","0.11","0.04","0.22"
"1310847","TITSGWTFGAGAALQ","881","895","100%","136","17","2","4","0.13","0.08","0.19"
"1087741","TITSGWTFGAGAALQIPF","881","898","100%","20","0","0","1","0.00","0.00","0.13"
"1392456","TITSGWTFGAGAALQIPFAM","881","900","100%","1","0","0","1","0.00","0.00","0.94"
"1073478","TSGWTFGAGAALQIP","883","897","100%","8","0","0","2","0.00","0.00","0.30"
"1394106","TSGWTFGAGAALQIPFA","883","899","100%","1","0","0","1","0.00","0.00","0.94"
"1504614","SGWTFGAGAALQ","884","895","100%","1","0","0","1","0.00","0.00","0.94"
"23293","GWTFGAGAALQIPFA","885","899","100%","54","1","1","2","0.02","0.00","0.10"
"1310947","WTFGAGAALQIPFAM","886","900","100%","12","1","1","0","0.08","0.00","0.33"
"1309613","WTFGAGAALQIPFAMQMAYR","886","905","100%","120","0","0","1","0.00","0.00","0.03"
"1327836","WTFGAGAAL","886","894","100%","4","1","1","0","0.25","0.01","0.74"
"1542734","TFGAGAALQIPFAMQ","887","901","100%","7","0","0","1","0.00","0.00","0.33"
"1397282","FGAGAALQIPFAMQM","888","902","100%","2","1","1","1","0.50","0.02","0.97"
"531783","GAGAALQIPFAMQMA","889","903","100%","57","1","1","3","0.02","0.00","0.09"
"1087523","GAGAALQIPFAMQMAYRF","889","906","100%","20","0","0","1","0.00","0.00","0.13"
"1393678","AGAALQIPFAMQMAYRF","890","906","100%","1","0","0","1","0.00","0.00","0.94"
"18514","GAALQIPFAMQMAYR","891","905","100%","39","1","1","2","0.03","0.00","0.11"
"1392168","GAALQIPFAMQMAYRFNGIG","891","910","100%","1","0","0","1","0.00","0.00","0.94"
"1312167","ALQIPFAMQMAYRFN","893","907","100%","53","2","1","1","0.04","0.01","0.13"
"1410559","ALQIPFAMQMAYRFNGIGV","893","911","100%","1","1","1","0","1.00","0.04","1.00"
"1074986","LQIPFAMQMAY","894","904","100%","36","7","1","0","0.19","0.09","0.33"
"51112","QIPFAMQMAYRFNGI","895","909","100%","9","0","0","3","0.00","0.00","0.27"
"1323266","QIPFAMQMAY","895","904","100%","4","2","1","0","0.50","0.10","0.89"
"1397188","QIPFAMQMAYRFNGIGV","895","911","100%","15","8","1","0","0.53","0.30","0.75"
"1310503","IPFAMQMAYRFNGIG","896","910","100%","30","6","3","0","0.20","0.09","0.35"
"1318829","IPFAMQMAY","896","904","100%","5","2","2","0","0.40","0.08","0.80"
"1309494","IPFAMQMAYRFNGIGVTQNV","896","915","100%","120","0","0","1","0.00","0.00","0.03"
"47479","PFAMQMAYRFNGIGVTQ","897","913","100%","43","24","1","1","0.56","0.42","0.68"
"1087673","PFAMQMAYRFNGIGVTQN","897","914","100%","20","0","0","1","0.00","0.00","0.13"
"1309913","PFAMQMAYRFNGIGV","897","911","100%","55","1","1","3","0.02","0.00","0.10"
"1316310","FAMQMAYRF","898","906","100%","19","14","2","0","0.74","0.52","0.88"
"530821","AMQMAYRFNGIGVTQ","899","913","100%","10","0","0","2","0.00","0.00","0.25"
"1071978","QMAYRFNGIGVTQNV","901","915","100%","103","3","2","4","0.03","0.01","0.08"
"1333189","QMAYRFNGIGVTQNVLYENQKLIANQFNSA","901","930","100%","55","1","1","0","0.02","0.00","0.10"
"1392383","QMAYRFNGIGVTQNVLYENQ","901","920","100%","1","0","0","1","0.00","0.00","0.94"
"1385358","MAYRFNGIGVTQNVLYENQKLIANQ","902","926","100%","1","1","1","0","1.00","0.04","1.00"
"5908","AYRFNGIGVTQNVLY","903","917","100%","7","1","1","0","0.14","0.01","0.50"
"1394173","YRFNGIGVTQNVLYENQ","904","920","100%","1","0","0","1","0.00","0.00","0.94"
"1087704","RFNGIGVTQNVLYENQKL","905","922","100%","20","0","0","1","0.00","0.00","0.13"
"1313420","RFNGIGVTQNVLYEN","905","919","100%","53","0","0","2","0.00","0.00","0.07"
"1310414","FNGIGVTQNVLYENQ","906","920","100%","15","0","0","1","0.00","0.00","0.17"
"1074890","FNGIGVTQNVLYENQKLIANQFNSAIGKIQDSLSSTASALGKL","906","948","100%","4","1","1","0","0.25","0.01","0.74"
"1309471","FNGIGVTQNVLYENQKLIAN","906","925","100%","120","0","0","1","0.00","0.00","0.03"
"1071538","NGIGVTQNVLYENQK","907","921","100%","9","1","1","2","0.11","0.00","0.41"
"1312699","IGVTQNVLYENQKLI","909","923","100%","73","2","2","1","0.03","0.01","0.09"
"1310927","VTQNVLYENQKLIAN","911","925","100%","56","4","2","2","0.07","0.03","0.17"
"1394146","VTQNVLYENQKLIANQF","911","927","100%","1","0","0","1","0.00","0.00","0.94"
"1392506","VTQNVLYENQKLIANQFNSA","911","930","100%","1","0","0","1","0.00","0.00","0.94"
"65906","TQNVLYENQK","912","921","100%","18","3","1","0","0.17","0.05","0.37"
"1087694","QNVLYENQKLIANQFNSA","913","930","100%","20","0","0","1","0.00","0.00","0.13"
"1313363","QNVLYENQKLIANQF","913","927","100%","54","3","2","1","0.06","0.02","0.15"
"1555419","VLYENQKLI","915","923","100%","8","0","0","1","0.00","0.00","0.30"
"1543170","VLYENQKLIANQFNS","915","929","100%","7","0","0","1","0.00","0.00","0.33"
"1310633","LYENQKLIANQFNSA","916","930","100%","29","1","1","1","0.03","0.00","0.15"
"1309524","LYENQKLIANQFNSAIGKIQ","916","935","100%","120","2","1","0","0.02","0.00","0.06"
"1327923","YENQKLIANQF","917","927","100%","5","1","1","0","0.20","0.01","0.64"
"1313987","YENQKLIANQFNSAI","917","931","100%","54","1","1","2","0.02","0.00","0.10"
"1330361","YENQKLIANQFNSAIGKIQ","917","935","100%","1","1","1","0","1.00","0.04","1.00"
"1329348","ENQKLIANQFNSAIGKI","918","934","100%","12","1","1","0","0.08","0.00","0.33"
"1075005","NQKLIANQF","919","927","100%","37","7","2","0","0.19","0.09","0.32"
"1329819","NQKLIANQFNSAIGK","919","933","100%","7","0","0","1","0.00","0.00","0.33"
"1397189","QKLIANQFNSAIGKI","920","934","100%","15","1","1","0","0.07","0.00","0.27"
"1310542","KLIANQFNSAIGKIQ","921","935","100%","89","1","1","4","0.01","0.00","0.06"
"1087576","KLIANQFNSAIGKIQDSL","921","938","100%","20","0","0","1","0.00","0.00","0.13"
"1392240","KLIANQFNSAIGKIQDSLSS","921","940","100%","1","0","0","1","0.00","0.00","0.94"
"1329631","KLIANQFNSAIG","921","932","100%","1","1","1","0","1.00","0.04","1.00"
"1318302","IANQFNSAI","923","931","100%","4","1","1","0","0.25","0.01","0.74"
"1329561","IANQFNSAIGKIQDS","923","937","100%","7","1","1","0","0.14","0.01","0.50"
"1397094","ANQFNSAIGKIQDSL","924","938","100%","15","3","1","0","0.20","0.06","0.43"
"1071651","NQFNSAIGKIQDSLS","925","939","100%","54","0","0","3","0.00","0.00","0.07"
"1393958","NQFNSAIGKIQDSLSST","925","941","100%","1","0","0","1","0.00","0.00","0.94"
"1550978","NQFNSAIGK","925","933","100%","8","0","0","1","0.00","0.00","0.30"
"1310735","QFNSAIGKIQDSLSS","926","940","100%","15","0","0","1","0.00","0.00","0.17"
"1309558","QFNSAIGKIQDSLSSTASAL","926","945","100%","120","28","1","0","0.23","0.17","0.32"
"1329410","FNSAIGKIQDSLSST","927","941","100%","7","1","1","0","0.14","0.01","0.50"
"1087717","SAIGKIQDSLSSTASALG","929","946","100%","20","0","0","1","0.00","0.00","0.13"
"1313526","SAIGKIQDSLSSTAS","929","943","100%","53","1","1","1","0.02","0.00","0.10"
"1330044","SAIGKIQDSLSS","929","940","100%","1","1","1","0","1.00","0.04","1.00"
"1329105","AIGKIQDSLSST","930","941","100%","1","0","0","1","0.00","0.00","0.94"
"1070353","IGKIQDSLSSTASAL","931","945","100%","43","1","1","3","0.02","0.00","0.10"
"1392218","IGKIQDSLSSTASALGKLQD","931","950","100%","1","0","0","1","0.00","0.00","0.94"
"1451081","IGKIQDSLSSTASA","931","944","100%","1","1","1","0","1.00","0.04","1.00"
"1393801","GKIQDSLSSTASALGKL","932","948","100%","1","0","0","1","0.00","0.00","0.94"
"1312838","KIQDSLSSTASALGK","933","947","100%","53","0","0","2","0.00","0.00","0.07"
"1542083","QDSLSSTASALGKLQ","935","949","100%","7","0","0","1","0.00","0.00","0.33"
"1310337","DSLSSTASALGKLQD","936","950","100%","15","0","0","1","0.00","0.00","0.17"
"1309453","DSLSSTASALGKLQDVVNQN","936","955","100%","120","0","0","1","0.00","0.00","0.03"
"1072822","SLSSTASALGKLQDV","937","951","100%","54","1","1","2","0.02","0.00","0.10"
"1087725","SLSSTASALGKLQDVVNQ","937","954","100%","20","0","0","1","0.00","0.00","0.13"
"1074989","LSSTASALGK","938","947","100%","36","1","1","0","0.03","0.00","0.12"
"1310821","SSTASALGK","939","947","100%","27","0","0","3","0.00","0.00","0.10"
"1333799","SSTASALGKLQDVVNQNAQALNTLVKQLSS","939","968","100%","64","1","1","0","0.02","0.00","0.08"
"1394073","SSTASALGKLQDVVNQN","939","955","100%","1","0","0","1","0.00","0.00","0.94"
"1542592","SSTASALGKLQDVVN","939","953","100%","7","1","1","0","0.14","0.01","0.50"
"1389134","STASALGKLQDVVNQN","940","955","100%","40","35","1","0","0.88","0.75","0.95"
"1310833","TASALGKLQDVVNQN","941","955","100%","88","1","1","3","0.01","0.00","0.06"
"1392452","TASALGKLQDVVNQNAQALN","941","960","100%","1","0","0","1","0.00","0.00","0.94"
"1542377","SALGKLQDVVNQNAQ","943","957","100%","7","0","0","1","0.00","0.00","0.33"
"1087609","LGKLQDVVNQNAQALNTL","945","962","100%","20","0","0","1","0.00","0.00","0.13"
"1312974","LGKLQDVVNQNAQAL","945","959","100%","53","0","0","2","0.00","0.00","0.07"
"1310448","GKLQDVVNQNAQALN","946","960","100%","22","5","1","1","0.23","0.09","0.41"
"1309477","GKLQDVVNQNAQALNTLVKQ","946","965","100%","120","0","0","1","0.00","0.00","0.03"
"1393802","GKLQDVVNQNAQALNTL","946","962","100%","1","0","0","1","0.00","0.00","0.94"
"1541060","KLQDVVNQNAQALNT","947","961","100%","7","0","0","1","0.00","0.00","0.33"
"533333","QDVVNQNAQALNTLV","949","963","100%","56","0","0","3","0.00","0.00","0.06"
"1310932","VVNQNAQALNTLVKQ","951","965","100%","41","0","0","3","0.00","0.00","0.07"
"1392511","VVNQNAQALNTLVKQLSSNF","951","970","100%","1","0","0","1","0.00","0.00","0.94"
"1087668","NQNAQALNTLVKQLSSNF","953","970","100%","20","0","0","1","0.00","0.00","0.13"
"1313242","NQNAQALNTLVKQLS","953","967","100%","53","0","0","2","0.00","0.00","0.07"
"1393960","NQNAQALNTLVKQLSSN","953","969","100%","1","0","0","1","0.00","0.00","0.94"
"1329820","NQNAQALNTLVKQLSSNFG","953","971","100%","1","1","1","0","1.00","0.04","1.00"
"1329785","NAQALNTLVKQLSSN","955","969","100%","7","1","1","0","0.14","0.01","0.50"
"1310282","AQALNTLVKQLSSNF","956","970","100%","14","2","1","0","0.14","0.03","0.37"
"1074854","AQALNTLVKQL","956","966","100%","36","4","1","0","0.11","0.04","0.23"
"3939","AQALNTLVK","956","964","100%","8","0","0","1","0.00","0.00","0.30"
"1313324","QALNTLVKQLSSNFG","957","971","100%","53","0","0","2","0.00","0.00","0.07"
"2801","ALNTLVKQL","958","966","100%","60","4","4","4","0.07","0.03","0.16"
"38353","LNTLVKQLSSNFGAI","959","973","100%","10","0","0","2","0.00","0.00","0.25"
"1337427","NTLVKQLSSNFGAISSVLNDILSRLDKVEAEVQIDRLITGRLQSLQTY","960","1007","100%","1","1","1","0","1.00","0.04","1.00"
"1393965","NTLVKQLSSNFGAISSV","960","976","100%","12","1","1","0","0.08","0.00","0.33"
"1329846","NTLVKQLSSNFG","960","971","100%","1","0","0","1","0.00","0.00","0.94"
"1310852","TLVKQLSSNFGAISS","961","975","100%","87","1","1","3","0.01","0.00","0.06"
"1087745","TLVKQLSSNFGAISSVLN","961","978","100%","20","0","0","1","0.00","0.00","0.13"
"1392462","TLVKQLSSNFGAISSVLNDI","961","980","100%","1","0","0","1","0.00","0.00","0.94"
"1313766","TLVKQLSSNFGA","961","972","100%","1","0","0","1","0.00","0.00","0.94"
"1543139","VKQLSSNFGAISSVL","963","977","100%","7","1","1","0","0.14","0.01","0.50"
"1313359","QLSSNFGAISSVLND","965","979","100%","54","3","2","1","0.06","0.02","0.15"
"1310621","LSSNFGAISSVLNDI","966","980","100%","14","0","0","1","0.00","0.00","0.18"
"1309523","LSSNFGAISSVLNDILSRLD","966","985","100%","120","4","1","0","0.03","0.01","0.08"
"1394071","SSNFGAISSVLNDILSR","967","983","100%","1","0","0","1","0.00","0.00","0.94"
"61229","SSNFGAISSVLNDIL","967","981","100%","7","1","1","0","0.14","0.01","0.50"
"533050","NFGAISSVLNDILSR","969","983","100%","56","0","0","3","0.00","0.00","0.06"
"1087650","NFGAISSVLNDILSRLDK","969","986","100%","20","0","0","1","0.00","0.00","0.13"
"1310434","GAISSVLNDILSRLD","971","985","100%","41","3","2","1","0.07","0.02","0.17"
"1392169","GAISSVLNDILSRLDKVEAE","971","990","100%","1","0","0","1","0.00","0.00","0.94"
"1312775","ISSVLNDILSRLDKV","973","987","100%","53","2","1","1","0.04","0.01","0.13"
"1394074","SSVLNDILSRLDKVEAE","974","990","100%","1","0","0","1","0.00","0.00","0.94"
"1075066","SVLNDILSRL","975","984","100%","36","2","1","0","0.06","0.01","0.16"
"62221","SVLNDILSR","975","983","100%","21","1","1","2","0.05","0.00","0.20"
"1397436","SVLNDILARLDKVEA","975","989","93.33%","1","1","1","0","1.00","0.04","1.00"
"1542624","SVLNDILSRLDKVEA","975","989","100%","7","0","0","1","0.00","0.00","0.33"
"69657","VLNDILSRL","976","984","100%","175","12","6","5","0.07","0.04","0.12"
"1310902","VLNDILSRLDKVEAE","976","990","100%","15","1","1","1","0.07","0.00","0.27"
"1309604","VLNDILSRLDKVEAEVQIDR","976","995","100%","120","4","1","0","0.03","0.01","0.08"
"1087615","LNDILSRLDKVEAEVQID","977","994","100%","20","0","0","1","0.00","0.00","0.13"
"1313032","LNDILSRLDKVEAEV","977","991","100%","53","2","1","1","0.04","0.01","0.13"
"531136","DILSRLDKVEAEVQI","979","993","100%","10","2","1","1","0.20","0.04","0.49"
"1074929","ILSRLDKVEAEVQIDRLITGRLQSLQTYVTQQLIRAAEIRASA","980","1022","100%","4","2","1","0","0.50","0.10","0.89"
"1338211","I980, L981, S982, R983, L984, D985, K986, V987, E988, A989, E990, V991, Q992, I993, D994, R995, L996, I997, T998, G999, R1000, L1001, Q1002, S1003, L1004, Q1005, T1006, I1179, Q1180, K1181, E1182, I1183, D1184, R1185, L1186","980","1186","100%","1","1","1","0","1.00","0.04","1.00"
"1310620","LSRLDKVEAEVQIDR","981","995","100%","88","2","2","3","0.02","0.01","0.08"
"1393912","LSRLDKVEAEVQIDRLI","981","997","100%","1","0","0","1","0.00","0.00","0.94"
"1392288","LSRLDKVEAEVQIDRLITGR","981","1000","100%","2","1","1","1","0.50","0.02","0.97"
"1472882","LSRLDKVEAEVQID","981","994","100%","1","1","1","0","1.00","0.04","1.00"
"1347907","S982","982","982","100%","20","1","1","0","0.05","0.00","0.21"
"54507","RLDKVEAEV","983","991","100%","49","6","3","2","0.12","0.05","0.22"
"1333325","RLDKVEAEVQI","983","993","100%","6","1","1","0","0.17","0.01","0.56"
"1542288","RLDKVEAEVQIDRLI","983","997","100%","7","1","1","0","0.14","0.01","0.50"
"1087477","DKVEAEVQIDRLITGRLQ","985","1002","100%","20","0","0","1","0.00","0.00","0.13"
"1312310","DKVEAEVQIDRLITG","985","999","100%","53","0","0","2","0.00","0.00","0.07"
"1310554","KVEAEVQIDRLITGR","986","1000","100%","14","0","0","1","0.00","0.00","0.18"
"1075088","VEAEVQIDRLITGR","987","1000","100%","18","6","1","0","0.33","0.16","0.54"
"1543045","VEAEVQIDRLITGRL","987","1001","100%","7","0","0","1","0.00","0.00","0.33"
"11038","EAEVQIDRLITGRLQSL","988","1004","100%","44","6","1","2","0.14","0.06","0.25"
"530739","AEVQIDRLITGRLQS","989","1003","100%","56","0","0","3","0.00","0.00","0.06"
"1220","AEVQIDRLI","989","997","100%","5","1","1","0","0.20","0.01","0.64"
"1314206","AEVQIDRL","989","996","100%","5","1","1","0","0.20","0.01","0.64"
"1073938","VQIDRLITGRLQSLQ","991","1005","100%","42","3","1","3","0.07","0.02","0.17"
"1392498","VQIDRLITGRLQSLQTYVTQ","991","1010","100%","1","0","0","1","0.00","0.00","0.94"
"1087551","IDRLITGRLQSLQTYVTQ","993","1010","100%","20","0","0","1","0.00","0.00","0.13"
"25662","IDRLITGRLQSLQTY","993","1007","100%","53","1","1","1","0.02","0.00","0.10"
"54599","RLITGRLQSLQTYVTQQ","995","1011","100%","43","19","1","1","0.44","0.31","0.57"
"1542290","RLITGRLQSLQTYVT","995","1009","100%","7","0","0","1","0.00","0.00","0.33"
"36724","LITGRLQSL","996","1004","100%","75","5","5","6","0.07","0.03","0.15"
"1310586","LITGRLQSLQTYVTQ","996","1010","100%","14","2","1","0","0.14","0.03","0.37"
"1074971","LITGRLQSLQTYV","996","1008","100%","36","7","1","0","0.19","0.09","0.33"
"1309516","LITGRLQSLQTYVTQQLIRA","996","1015","100%","120","1","1","0","0.01","0.00","0.05"
"1070482","ITGRLQSLQTYVTQQ","997","1011","100%","54","1","1","2","0.02","0.00","0.10"
"1332424","ITGRLQSLQTY","997","1007","100%","6","1","1","0","0.17","0.01","0.56"
"63951","TGRLQSLQTYVTQQL","998","1012","100%","15","2","1","0","0.13","0.02","0.35"
"532005","GRLQSLQTYVTQQLI","999","1013","100%","10","0","0","2","0.00","0.00","0.25"
"54725","RLQSLQTYV","1000","1008","100%","71","18","4","4","0.25","0.17","0.37"
"1323919","RLQSLQTY","1000","1007","100%","3","1","1","0","0.33","0.01","0.85"
"38990","LQSLQTYVTQQLIRA","1001","1015","100%","85","0","0","4","0.00","0.00","0.04"
"1087621","LQSLQTYVTQQLIRAAEI","1001","1018","100%","20","0","0","1","0.00","0.00","0.13"
"1392285","LQSLQTYVTQQLIRAAEIRA","1001","1020","100%","1","0","0","1","0.00","0.00","0.94"
"1394014","QSLQTYVTQQLIRAAEI","1002","1018","100%","1","0","0","1","0.00","0.00","0.94"
"1542520","SLQTYVTQQLIRAAE","1003","1017","100%","7","1","1","0","0.14","0.01","0.50"
"52672","QTYVTQQLIRAAEIR","1005","1019","100%","53","0","0","2","0.00","0.00","0.07"
"1310876","TYVTQQLIRAAEIRA","1006","1020","100%","12","0","0","1","0.00","0.00","0.21"
"1309600","TYVTQQLIRAAEIRASANLA","1006","1025","100%","120","1","1","0","0.01","0.00","0.05"
"1543560","YVTQQLIRAAEIRAS","1007","1021","100%","7","0","0","1","0.00","0.00","0.33"
"534141","TQQLIRAAEIRASAN","1009","1023","100%","56","0","0","3","0.00","0.00","0.06"
"1087755","TQQLIRAAEIRASANLAA","1009","1026","100%","20","0","0","1","0.00","0.00","0.13"
"1394104","TQQLIRAAEIRASANLA","1009","1025","100%","1","0","0","1","0.00","0.00","0.94"
"1310739","QLIRAAEIRASANLA","1011","1025","100%","39","1","1","2","0.03","0.00","0.11"
"1392378","QLIRAAEIRASANLAATKMS","1011","1030","100%","1","0","0","1","0.00","0.00","0.94"
"1329677","LIRAAEIRASAN","1012","1023","100%","1","0","0","1","0.00","0.00","0.94"
"1312773","IRAAEIRASANLAAT","1013","1027","100%","53","1","1","1","0.02","0.00","0.10"
"533447","RAAEIRASANLAATK","1014","1028","100%","3","0","0","1","0.00","0.00","0.61"
"1068860","AAEIRASANLAATKM","1015","1029","100%","8","0","0","2","0.00","0.00","0.30"
"1329074","AAEIRASANLAA","1015","1026","100%","1","1","1","0","1.00","0.04","1.00"
"1310253","AEIRASANLAATKMS","1016","1030","100%","12","0","0","1","0.00","0.00","0.21"
"1074838","AEIRASANLAATK","1016","1028","100%","36","9","1","0","0.25","0.14","0.39"
"1309418","AEIRASANLAATKMSECVLG","1016","1035","100%","120","13","1","0","0.11","0.06","0.18"
"1312108","AEIRASANL","1016","1024","100%","5","1","1","0","0.20","0.01","0.64"
"1393673","AEIRASANLAATKMSEC","1016","1032","100%","1","0","0","1","0.00","0.00","0.94"
"1087496","EIRASANLAATKMSECVL","1017","1034","100%","20","0","0","1","0.00","0.00","0.13"
"1312358","EIRASANLAATKMSE","1017","1031","100%","53","2","1","1","0.04","0.01","0.13"
"533455","RASANLAATKMSECV","1019","1033","100%","10","1","1","1","0.10","0.00","0.38"
"1323750","RASANLAATK","1019","1028","100%","4","1","1","0","0.25","0.01","0.74"
"4321","ASANLAATK","1020","1028","100%","18","0","0","2","0.00","0.00","0.15"
"1072541","SANLAATKMSECVLG","1021","1035","100%","86","0","0","5","0.00","0.00","0.04"
"1392413","SANLAATKMSECVLGQSKRV","1021","1040","100%","1","0","0","1","0.00","0.00","0.94"
"1393952","NLAATKMSECVLGQSKR","1023","1039","100%","1","0","0","1","0.00","0.00","0.94"
"1541756","NLAATKMSECVLGQS","1023","1037","100%","7","0","0","1","0.00","0.00","0.33"
"1087452","AATKMSECVLGQSKRVDF","1025","1042","100%","21","0","0","2","0.00","0.00","0.13"
"1312102","AATKMSECVLGQSKR","1025","1039","100%","53","0","0","2","0.00","0.00","0.07"
"1310294","ATKMSECVLGQSKRV","1026","1040","100%","12","0","0","1","0.00","0.00","0.21"
"1309439","ATKMSECVLGQSKRVDFCGK","1026","1045","100%","120","0","0","1","0.00","0.00","0.03"
"1073439","TKMSECVLGQSKRVD","1027","1041","100%","8","0","0","2","0.00","0.00","0.30"
"532967","MSECVLGQSKRVDFC","1029","1043","100%","56","0","0","3","0.00","0.00","0.06"
"1394041","SECVLGQSKRVDFCGKG","1030","1046","100%","1","0","0","1","0.00","0.00","0.94"
"1310345","ECVLGQSKRVDFCGK","1031","1045","100%","184","50","1","2","0.27","0.21","0.34"
"1392122","ECVLGQSKRVDFCGKGYHLM","1031","1050","100%","1","0","0","1","0.00","0.00","0.94"
"1087781","VLGQSKRVDFCGKGYHLM","1033","1050","100%","21","0","0","2","0.00","0.00","0.13"
"1313879","VLGQSKRVDFCGKGY","1033","1047","100%","53","0","0","2","0.00","0.00","0.07"
"1540555","GQSKRVDFCGKGYHL","1035","1049","100%","7","0","0","1","0.00","0.00","0.33"
"1310752","QSKRVDFCGKGYHLM","1036","1050","100%","12","0","0","1","0.00","0.00","0.21"
"1309562","QSKRVDFCGKGYHLMSFPQS","1036","1055","100%","120","1","1","0","0.01","0.00","0.05"
"1313577","SKRVDFCGKGYHLMS","1037","1051","100%","53","0","0","2","0.00","0.00","0.07"
"1333568","SKRVDFCGKGY","1037","1047","100%","6","1","1","0","0.17","0.01","0.56"
"1394060","SKRVDFCGKGYHLMSFP","1037","1053","100%","1","0","0","1","0.00","0.00","0.94"
"533592","RVDFCGKGYHLMSFP","1039","1053","100%","10","1","1","1","0.10","0.00","0.38"
"56252","RVDFCGKGY","1039","1047","100%","36","2","1","0","0.06","0.01","0.16"
"1310326","DFCGKGYHLMSFPQS","1041","1055","100%","86","1","1","4","0.01","0.00","0.06"
"1087475","DFCGKGYHLMSFPQSAPH","1041","1058","100%","20","0","0","1","0.00","0.00","0.13"
"1392101","DFCGKGYHLMSFPQSAPHGV","1041","1060","100%","1","0","0","1","0.00","0.00","0.94"
"1539694","CGKGYHLMSFPQSAP","1043","1057","100%","7","0","0","1","0.00","0.00","0.33"
"1393800","GKGYHLMSFPQSAPHGV","1044","1060","100%","1","0","0","1","0.00","0.00","0.94"
"1397135","GKGYHLMSFPQSAPH","1044","1058","100%","15","3","1","0","0.20","0.06","0.43"
"1312823","KGYHLMSFPQSAPHG","1045","1059","100%","53","0","0","2","0.00","0.00","0.07"
"1310470","GYHLMSFPQSAPHGV","1046","1060","100%","12","0","0","1","0.00","0.00","0.21"
"1309481","GYHLMSFPQSAPHGVVFLHV","1046","1065","100%","120","0","0","1","0.00","0.00","0.03"
"1075122","YHLMSFPQSA","1047","1056","100%","36","4","1","0","0.11","0.04","0.23"
"1543436","YHLMSFPQSAPHGVV","1047","1061","100%","7","0","0","1","0.00","0.00","0.33"
"1318059","HLMSFPQSA","1048","1056","100%","45","3","2","2","0.07","0.02","0.16"
"1087614","LMSFPQSAPHGVVFLHVT","1049","1066","100%","20","0","0","1","0.00","0.00","0.13"
"1313029","LMSFPQSAPHGVVFL","1049","1063","100%","53","1","1","1","0.02","0.00","0.10"
"1072604","SFPQSAPHGVVFLHV","1051","1065","100%","42","1","1","3","0.02","0.00","0.10"
"1324414","SFPQSAPHGVVF","1051","1062","100%","5","1","1","1","0.20","0.01","0.64"
"1394045","SFPQSAPHGVVFLHVTY","1051","1067","100%","1","0","0","1","0.00","0.00","0.94"
"1392420","SFPQSAPHGVVFLHVTYVPA","1051","1070","100%","1","1","1","0","1.00","0.04","1.00"
"1074891","FPQSAPHGVVF","1052","1062","100%","46","10","3","0","0.22","0.12","0.33"
"1316853","FPQSAPHGV","1052","1060","100%","6","3","2","0","0.50","0.15","0.84"
"1313307","PQSAPHGVVFLHVTY","1053","1067","100%","53","1","1","1","0.02","0.00","0.10"
"1075023","QSAPHGVVFLHVTYVPAQEKNFTTAPAICHDGKAHFPREGVFV","1054","1096","100%","4","1","1","0","0.25","0.01","0.74"
"1333222","QSAPHGVVF","1054","1062","100%","5","1","1","0","0.20","0.01","0.64"
"1392414","SAPHGVVFL","1055","1063","100%","1","0","0","1","0.00","0.00","0.94"
"1542382","SAPHGVVFLHVTYVP","1055","1069","100%","7","0","0","1","0.00","0.00","0.33"
"1310281","APHGVVFLHVTYVPA","1056","1070","100%","43","2","2","1","0.05","0.01","0.13"
"1074847","APHGVVFLHVTYV","1056","1068","100%","36","19","1","0","0.53","0.38","0.67"
"1309428","APHGVVFLHVTYVPAQEKNF","1056","1075","100%","120","2","1","0","0.02","0.00","0.06"
"1330420","APHGVVFL","1056","1063","100%","5","1","1","0","0.20","0.01","0.64"
"3589","APHGVVFLHV","1056","1065","100%","13","3","1","0","0.23","0.07","0.48"
"1392052","APHGVVFLH","1056","1064","100%","1","0","0","1","0.00","0.00","0.94"
"1071768","PHGVVFLHVTYVPAQ","1057","1071","100%","54","1","1","2","0.02","0.00","0.10"
"1087677","PHGVVFLHVTYVPAQEKN","1057","1074","100%","20","0","0","1","0.00","0.00","0.13"
"1393825","HGVVFLHVTYVPAQEKN","1058","1074","100%","1","0","0","1","0.00","0.00","0.94"
"23200","GVVFLHVTY","1059","1067","100%","2","1","1","0","0.50","0.02","0.97"
"1540639","GVVFLHVTYVPAQEK","1059","1073","100%","7","0","0","1","0.00","0.00","0.33"
"71663","VVFLHVTYV","1060","1068","100%","45","4","4","3","0.09","0.03","0.19"
"1310885","VFLHVTYVPAQEKNF","1061","1075","100%","87","0","0","4","0.00","0.00","0.04"
"1392489","VFLHVTYVPAQEKNFTTAPA","1061","1080","100%","1","0","0","1","0.00","0.00","0.94"
"1541300","LHVTYVPAQEKNFTT","1063","1077","100%","7","0","0","1","0.00","0.00","0.33"
"1074925","HVTYVPAQEKNF","1064","1075","100%","37","4","1","1","0.11","0.04","0.22"
"1318209","HVTYVPAQEK","1064","1073","100%","2","1","1","0","0.50","0.02","0.97"
"1087787","VTYVPAQEKNFTTAPAIC","1065","1082","100%","20","0","0","1","0.00","0.00","0.13"
"1310928","VTYVPAQEK","1065","1073","100%","33","1","1","3","0.03","0.00","0.13"
"1313930","VTYVPAQEKNFTTAP","1065","1079","100%","73","1","1","2","0.01","0.00","0.07"
"1334487","VTYVPAQEKNFTTAP","1065","1079","100%","20","1","1","0","0.05","0.00","0.21"
"1394148","VTYVPAQEKNFTTAPAI","1065","1081","100%","1","0","0","1","0.00","0.00","0.94"
"1310875","TYVPAQEKNFTTAPA","1066","1080","100%","14","0","0","1","0.00","0.00","0.18"
"1309599","TYVPAQEKNFTTAPAICHDG","1066","1085","100%","120","2","1","0","0.02","0.00","0.06"
"1330639","TYVPAQEKNF","1066","1075","100%","5","0","0","1","0.00","0.00","0.43"
"1334122","TYVPAQEKNFT","1066","1076","100%","5","1","1","0","0.20","0.01","0.64"
"1543558","YVPAQEKNFTTAPAI","1067","1081","100%","7","0","0","1","0.00","0.00","0.33"
"1313273","PAQEKNFTTAPAICH","1069","1083","100%","53","0","0","2","0.00","0.00","0.07"
"1310733","QEKNFTTAPAICHDG","1071","1085","100%","41","0","0","3","0.00","0.00","0.07"
"1392370","QEKNFTTAPAICHDGKAHFP","1071","1090","100%","1","0","0","1","0.00","0.00","0.94"
"1393749","EKNFTTAPAICHDGKAH","1072","1088","100%","1","0","0","1","0.00","0.00","0.94"
"1087584","KNFTTAPAICHDGKAHFP","1073","1090","100%","20","0","0","1","0.00","0.00","0.13"
"1312875","KNFTTAPAICHDGKA","1073","1087","100%","53","0","0","2","0.00","0.00","0.07"
"1460552","KNFTTAPAICHD","1073","1084","100%","1","1","1","0","1.00","0.04","1.00"
"1069576","FTTAPAICHDGKAHF","1075","1089","100%","8","1","1","1","0.13","0.01","0.46"
"1310870","TTAPAICHDGKAHFP","1076","1090","100%","14","1","1","0","0.07","0.00","0.29"
"1309597","TTAPAICHDGKAHFPREGVF","1076","1095","100%","120","1","1","0","0.01","0.00","0.05"
"1519318","TTAPAICHDGKA","1076","1087","100%","1","1","1","0","1.00","0.04","1.00"
"1313732","TAPAICHDGKAHFPR","1077","1091","100%","54","1","1","2","0.02","0.00","0.10"
"1330613","TAPAICHDGKAH","1077","1088","100%","1","0","0","1","0.00","0.00","0.94"
"1411500","APAICHDGKAHF","1078","1089","100%","1","1","1","0","1.00","0.04","1.00"
"1393973","PAICHDGKAHFPREGVF","1079","1095","100%","1","0","0","1","0.00","0.00","0.94"
"1485766","PAICHDGKAHFP","1079","1090","100%","1","1","1","0","1.00","0.04","1.00"
"1330547","PAICHDGKAHFPREG","1079","1093","100%","7","0","0","1","0.00","0.00","0.33"
"1330412","AICHDGKAHFPR","1080","1091","100%","1","0","0","1","0.00","0.00","0.94"
"1409135","AICHDGKAHFPREGVF","1080","1095","100%","1","1","1","0","1.00","0.04","1.00"
"1070308","ICHDGKAHFPREGVF","1081","1095","100%","88","2","1","4","0.02","0.01","0.08"
"1087550","ICHDGKAHFPREGVFVSN","1081","1098","100%","20","0","0","1","0.00","0.00","0.13"
"1392213","ICHDGKAHFPREGVFVSNGT","1081","1100","100%","1","0","0","1","0.00","0.00","0.94"
"1540664","HDGKAHFPREGVFVS","1083","1097","100%","7","0","0","1","0.00","0.00","0.33"
"1312555","GKAHFPREGVFVSNG","1085","1099","100%","53","0","0","2","0.00","0.00","0.07"
"1310519","KAHFPREGVFVSNGT","1086","1100","100%","14","1","1","0","0.07","0.00","0.29"
"1309497","KAHFPREGVFVSNGTHWFVT","1086","1105","100%","120","0","0","1","0.00","0.00","0.03"
"1393860","KAHFPREGVFVSNGTHW","1086","1102","100%","1","0","0","1","0.00","0.00","0.94"
"1069068","AHFPREGVFVSNGTH","1087","1101","100%","8","0","0","2","0.00","0.00","0.30"
"1087519","FPREGVFVSNGTHWFVTQ","1089","1106","100%","20","0","0","1","0.00","0.00","0.13"
"1316854","FPREGVFV","1089","1096","100%","11","2","2","0","0.18","0.03","0.46"
"1312481","FPREGVFVSNGTHWF","1089","1103","100%","53","2","1","1","0.04","0.01","0.13"
"1310763","REGVFVSNGTHWFVT","1091","1105","100%","42","1","1","3","0.02","0.00","0.10"
"1075025","REGVFVSNGTHW","1091","1102","100%","42","3","2","1","0.07","0.02","0.17"
"1392395","REGVFVSNGTHWFVTQRNFY","1091","1110","100%","1","0","0","1","0.00","0.00","0.94"
"1317875","GVFVSNGTHW","1093","1102","100%","1","1","1","0","1.00","0.04","1.00"
"1312621","GVFVSNGTHWFVTQR","1093","1107","100%","53","0","0","2","0.00","0.00","0.07"
"1393817","GVFVSNGTHWFVTQRNF","1093","1109","100%","1","0","0","1","0.00","0.00","0.94"
"1326455","VFVSNGTHWF","1094","1103","100%","4","1","1","0","0.25","0.01","0.74"
"1334171","VFVSNGTHW","1094","1102","100%","12","1","1","1","0.08","0.00","0.33"
"1317137","FVSNGTHWF","1095","1103","100%","4","1","1","0","0.25","0.01","0.74"
"1540369","FVSNGTHWFVTQRNF","1095","1109","100%","7","1","1","0","0.14","0.01","0.50"
"1310921","VSNGTHWFVTQRNFY","1096","1110","100%","14","0","0","1","0.00","0.00","0.18"
"1309605","VSNGTHWFVTQRNFYEPQII","1096","1115","100%","120","1","1","0","0.01","0.00","0.05"
"1087727","SNGTHWFVTQRNFYEPQI","1097","1114","100%","20","0","0","1","0.00","0.00","0.13"
"1313627","SNGTHWFVTQRNFYE","1097","1111","100%","53","2","1","1","0.04","0.01","0.13"
"1074915","GTHWFVTQR","1099","1107","100%","54","4","3","1","0.07","0.03","0.18"
"1329517","GTHWFVTQRNFYEPQ","1099","1113","100%","7","2","1","0","0.29","0.05","0.64"
"1394096","THWFVTQRNFYEPQIIT","1100","1116","100%","1","0","0","1","0.00","0.00","0.94"
"1310476","HWFVTQRNFYEPQII","1101","1115","100%","101","4","4","2","0.04","0.02","0.10"
"1318219","HWFVTQRNF","1101","1109","100%","12","2","2","0","0.17","0.03","0.43"
"1392208","HWFVTQRNFYEPQIITTDNT","1101","1120","100%","1","0","0","1","0.00","0.00","0.94"
"1448898","HWFVTQRNFYEPQIITTDN","1101","1119","100%","1","1","1","0","1.00","0.04","1.00"
"1329557","HWFVTQRNFYEP","1101","1112","100%","1","1","1","0","1.00","0.04","1.00"
"1448897","HWFVTQRNFYEPQIITT","1101","1117","100%","1","1","1","0","1.00","0.04","1.00"
"1327761","WFVTQRNFY","1102","1110","100%","4","1","1","0","0.25","0.01","0.74"
"1330344","WFVTQRNFYEPQ","1102","1113","100%","1","0","0","1","0.00","0.00","0.94"
"1540370","FVTQRNFYEPQIITT","1103","1117","100%","7","0","0","1","0.00","0.00","0.33"
"1073475","TQRNFYEPQIITTDN","1105","1119","100%","54","2","1","2","0.04","0.01","0.13"
"1087756","TQRNFYEPQIITTDNTFV","1105","1122","100%","20","0","0","1","0.00","0.00","0.13"
"1310750","QRNFYEPQIITTDNT","1106","1120","100%","50","2","2","1","0.04","0.01","0.12"
"1309561","QRNFYEPQIITTDNTFVSGN","1106","1125","100%","120","1","1","0","0.01","0.00","0.05"
"1394027","RNFYEPQIITTDNTFVS","1107","1123","100%","1","0","0","1","0.00","0.00","0.94"
"1542301","RNFYEPQIITTDNTF","1107","1121","100%","7","1","1","0","0.14","0.01","0.50"
"1312522","FYEPQIITTDNTFVS","1109","1123","100%","53","0","0","2","0.00","0.00","0.07"
"1437846","FYEPQIITTDNTFVSGNCD","1109","1127","100%","1","1","1","0","1.00","0.04","1.00"
"1069445","EPQIITTDNTFVSGN","1111","1125","100%","44","2","1","3","0.05","0.01","0.13"
"1392140","EPQIITTDNTFVSGNCDVVI","1111","1130","100%","1","0","0","1","0.00","0.00","0.94"
"1397275","EPQIITTHNTFVSGN","1111","1125","93.33%","1","1","1","0","1.00","0.04","1.00"
"1087692","QIITTDNTFVSGNCDVVI","1113","1130","100%","21","0","0","2","0.00","0.00","0.13"
"1313341","QIITTDNTFVSGNCD","1113","1127","100%","53","0","0","2","0.00","0.00","0.07"
"26710","IITTDNTFV","1114","1122","100%","18","1","1","0","0.06","0.00","0.23"
"1393845","IITTDNTFVSGNCDVVI","1114","1130","100%","1","0","0","1","0.00","0.00","0.94"
"1540888","ITTDNTFVSGNCDVV","1115","1129","100%","7","1","1","0","0.14","0.01","0.50"
"1310871","TTDNTFVSGNCDVVI","1116","1130","100%","16","0","0","1","0.00","0.00","0.16"
"1073276","TDNTFVSGNCDVVIG","1117","1131","100%","55","1","1","3","0.02","0.00","0.10"
"1541846","NTFVSGNCDVVIGIV","1119","1133","100%","7","0","0","1","0.00","0.00","0.33"
"1310426","FVSGNCDVVIGIVNN","1121","1135","100%","103","2","2","3","0.02","0.01","0.07"
"1087522","FVSGNCDVVIGIVNNTVY","1121","1138","100%","20","0","0","1","0.00","0.00","0.13"
"1393777","FVSGNCDVVIGIVNNTV","1121","1137","100%","1","0","0","1","0.00","0.00","0.94"
"1392160","FVSGNCDVVIGIVNNTVYDP","1121","1140","100%","1","0","0","1","0.00","0.00","0.94"
"1392161","FVSGNCDVVIGIVNNTVYDPLQPELDSFKEELDKYFKNH","1121","1159","100%","19","16","1","0","0.84","0.64","0.95"
"1504291","SGNCDVVIGIVN","1123","1134","100%","1","1","1","0","1.00","0.04","1.00"
"1542464","SGNCDVVIGIVNNTV","1123","1137","100%","7","2","1","0","0.29","0.05","0.64"
"1313193","NCDVVIGIVNNTVYD","1125","1139","100%","53","1","1","1","0.02","0.00","0.10"
"1310305","CDVVIGIVNNTVYDP","1126","1140","100%","16","0","0","1","0.00","0.00","0.16"
"1539998","DVVIGIVNNTVYDPL","1127","1141","100%","7","1","1","0","0.14","0.01","0.50"
"1394149","VVIGIVNNTVYDPLQPE","1128","1144","100%","1","0","0","1","0.00","0.00","0.94"
"1087773","VIGIVNNTVYDPLQPELD","1129","1146","100%","20","0","0","1","0.00","0.00","0.13"
"1313865","VIGIVNNTVYDPLQP","1129","1143","100%","53","0","0","2","0.00","0.00","0.07"
"1524508","VIGIVNNTVYDPLQPEL","1129","1145","100%","1","1","1","0","1.00","0.04","1.00"
"1310444","GIVNNTVYDPLQPEL","1131","1145","100%","57","1","1","3","0.02","0.00","0.09"
"1392176","GIVNNTVYDPLQPELDSFKE","1131","1150","100%","1","0","0","1","0.00","0.00","0.94"
"1313901","VNNTVYDPLQPELDS","1133","1147","100%","53","1","1","1","0.02","0.00","0.10"
"1311777","NTVYDPLQPELDSFKEELDKYFKNHTSPDVD","1135","1165","100%","1","1","1","0","1.00","0.04","1.00"
"1393969","NTVYDPLQPELDSFKEE","1135","1151","100%","1","0","0","1","0.00","0.00","0.94"
"1541853","NTVYDPLQPELDSFK","1135","1149","100%","7","1","1","0","0.14","0.01","0.50"
"1310874","TVYDPLQPELDSFKE","1136","1150","100%","16","0","0","1","0.00","0.00","0.16"
"1075085","TVYDPLQPELDSFK","1136","1149","100%","41","5","3","0","0.12","0.05","0.23"
"1309598","TVYDPLQPELDSFKEELDKY","1136","1155","100%","120","10","1","0","0.08","0.05","0.15"
"1087791","VYDPLQPELDSFKEELDK","1137","1154","100%","20","0","0","1","0.00","0.00","0.13"
"71996","VYDPLQPEL","1137","1145","100%","19","1","1","1","0.05","0.00","0.22"
"1327418","VYDPLQPELDSF","1137","1148","100%","5","3","1","1","0.60","0.19","0.92"
"1313938","VYDPLQPELDSFKEE","1137","1151","100%","53","4","1","1","0.08","0.03","0.18"
"1311941","YDPLQPELDSFKEELDKYFKNHTS","1138","1161","100%","1","1","1","0","1.00","0.04","1.00"
"531242","DPLQPELDSFKEELD","1139","1153","100%","10","3","1","1","0.30","0.09","0.59"
"1386751","PLQPELDSFKEELDKY","1140","1155","100%","40","33","1","0","0.83","0.70","0.91"
"1386752","PLQPELDSFKEELDKYFKNHTSPDV","1140","1164","100%","1","1","1","0","1.00","0.04","1.00"
"1310614","LQPELDSFKEELDKY","1141","1155","100%","104","5","3","3","0.05","0.02","0.11"
"1384963","LQPELDSFKEELDKYF","1141","1156","100%","40","34","1","0","0.85","0.73","0.93"
"1392283","LQPELDSFKEELDKYFKNHT","1141","1160","100%","1","0","0","1","0.00","0.00","0.94"
"1392284","LQPELDSFKEELDKYFKNHTSPDVDLGDISGINASVVNI","1141","1179","100%","19","16","1","0","0.84","0.64","0.95"
"1387293","QPELDSFKEELDKYFK","1142","1157","100%","40","34","1","0","0.85","0.73","0.93"
"1394010","QPELDSFKEELDKYFKN","1142","1158","100%","1","0","0","1","0.00","0.00","0.94"
"1386587","PELDSFKEELDKYFKN","1143","1158","100%","40","34","1","0","0.85","0.73","0.93"
"1486549","PELDSFKEELDKYFKNHTSPDVD","1143","1165","100%","1","1","1","0","1.00","0.04","1.00"
"1541919","PELDSFKEELDKYFK","1143","1157","100%","7","1","1","0","0.14","0.01","0.50"
"1379727","ELDSFKEELDKYFKNH","1144","1159","100%","40","34","1","0","0.85","0.73","0.93"
"1087603","LDSFKEELDKYFKNHTSP","1145","1162","100%","20","0","0","1","0.00","0.00","0.13"
"1312961","LDSFKEELDKYFKNH","1145","1159","100%","54","2","2","1","0.04","0.01","0.13"
"1384261","LDSFKEELDKYFKNHT","1145","1160","100%","40","34","1","0","0.85","0.73","0.93"
"1310335","DSFKEELDKYFKNHT","1146","1160","100%","56","8","1","1","0.14","0.07","0.26"
"10112","DSFKEELDKY","1146","1155","100%","36","1","1","0","0.03","0.00","0.12"
"1309451","DSFKEELDKYFKNHTSPDVD","1146","1165","100%","120","50","1","0","0.42","0.33","0.51"
"1379077","DSFKEELDKYFKNHTS","1146","1161","100%","40","34","1","0","0.85","0.73","0.93"
"1324400","SFKEELDKY","1147","1155","100%","4","1","1","0","0.25","0.01","0.74"
"1388274","SFKEELDKYFKNHTSP","1147","1162","100%","40","35","1","0","0.88","0.75","0.95"
"1542440","SFKEELDKYFKNHTS","1147","1161","100%","7","0","0","1","0.00","0.00","0.33"
"1311676","FKEELDKYFK","1148","1157","100%","1","1","1","0","1.00","0.04","1.00"
"1380456","FKEELDKYFKNHTSPD","1148","1163","100%","40","33","1","0","0.83","0.70","0.91"
"1397122","FKEELDKYF","1148","1156","100%","1","1","1","0","1.00","0.04","1.00"
"532384","KEELDKYFKNHTSPD","1149","1163","100%","57","1","1","3","0.02","0.00","0.09"
"1383301","KEELDKYFKNHTSPDV","1149","1164","100%","40","35","1","0","0.88","0.75","0.95"
"1393862","KEELDKYFKNHTSPDVD","1149","1165","100%","1","0","0","1","0.00","0.00","0.94"
"1331544","EELDKYF","1150","1156","100%","64","14","1","0","0.22","0.14","0.33"
"1310362","ELDKYFKNHTSPDVD","1151","1165","100%","57","6","3","1","0.11","0.05","0.21"
"1392135","ELDKYFKNHTSPDVDLGDIS","1151","1170","100%","1","0","0","1","0.00","0.00","0.94"
"1392559","E1151","1151","1151","100%","4","1","1","0","0.25","0.01","0.74"
"35205","LDKYFKNHTSPDVDL","1152","1166","100%","15","7","1","0","0.47","0.24","0.69"
"1087478","DKYFKNHTSPDVDLGDIS","1153","1170","100%","20","0","0","1","0.00","0.00","0.13"
"9006","DKYFKNHTSPDVDLG","1153","1167","100%","53","0","0","2","0.00","0.00","0.07"
"1334347","YFKNHTSPDVDLGDISGINASVVNIQKEID","1155","1184","100%","64","1","1","0","0.02","0.00","0.08"
"1391351","YFKNHTSPDVDLGDIS","1155","1170","100%","40","33","1","0","0.83","0.70","0.91"
"1391352","YFKNHTSPDVDLGDISGINA","1155","1174","100%","1","1","1","0","1.00","0.04","1.00"
"1392574","Y1155","1155","1155","100%","4","1","1","0","0.25","0.01","0.74"
"1543422","YFKNHTSPDVDLGDI","1155","1169","100%","7","1","1","0","0.14","0.01","0.50"
"1310402","FKNHTSPDVDLGDIS","1156","1170","100%","17","0","0","1","0.00","0.00","0.15"
"1309469","FKNHTSPDVDLGDISGINAS","1156","1175","100%","120","14","1","0","0.12","0.07","0.19"
"1380473","FKNHTSPDVDLGDISG","1156","1171","100%","40","36","1","0","0.90","0.79","0.96"
"1393767","FKNHTSPDVDLGDISGI","1156","1172","100%","1","0","0","1","0.00","0.00","0.94"
"1392561","F1156","1156","1156","100%","15","8","1","0","0.53","0.30","0.75"
"1312876","KNHTSPDVDLGDISG","1157","1171","100%","53","0","0","2","0.00","0.00","0.07"
"1383664","KNHTSPDVDLGDISGI","1157","1172","100%","40","32","1","0","0.80","0.67","0.89"
"1385964","NHTSPDVDLGDISGIN","1158","1173","100%","40","34","1","0","0.85","0.73","0.93"
"532150","HTSPDVDLGDISGIN","1159","1173","100%","10","3","1","1","0.30","0.09","0.59"
"1382273","HTSPDVDLGDISGINA","1159","1174","100%","40","34","1","0","0.85","0.73","0.93"
"60024","SPDVDLGDISGINAS","1161","1175","100%","92","4","3","3","0.04","0.02","0.11"
"1087728","SPDVDLGDISGINASVVN","1161","1178","100%","20","0","0","1","0.00","0.00","0.13"
"1388866","SPDVDLGDISGINASVV","1161","1177","100%","2","2","2","0","1.00","0.22","1.00"
"1388865","SPDVDLGDISGINASV","1161","1176","100%","40","36","1","0","0.90","0.79","0.96"
"1392432","SPDVDLGDISGINASVVNIQ","1161","1180","100%","1","0","0","1","0.00","0.00","0.94"
"1392433","SPDVDLGDISGINASVVNIQKEIDRLNEVAKNLNESLID","1161","1199","100%","19","3","1","0","0.16","0.04","0.35"
"1386568","PDVDLGDISGINASVV","1162","1177","100%","40","35","1","0","0.88","0.75","0.95"
"1393740","DVDLGDISGINASVVNI","1163","1179","100%","1","0","0","1","0.00","0.00","0.94"
"1392557","D1163","1163","1163","100%","15","1","1","0","0.07","0.00","0.27"
"1539985","DVDLGDISGINASVV","1163","1177","100%","7","4","1","0","0.57","0.22","0.86"
"1390262","VDLGDISGINASVVNI","1164","1179","100%","40","35","1","0","0.88","0.75","0.95"
"1074871","DLGDISGINASVVNIQKEIDRLNEVAKNLNESLIDLQELGKYE","1165","1207","100%","4","1","1","0","0.25","0.01","0.74"
"1311330","DLGDISGI","1165","1172","100%","1","1","1","0","1.00","0.04","1.00"
"1312314","DLGDISGINASVVNI","1165","1179","100%","53","2","1","1","0.04","0.01","0.13"
"36075","LGDISGINASVVNIQ","1166","1180","100%","57","3","2","0","0.05","0.02","0.14"
"1309512","LGDISGINASVVNIQKEIDR","1166","1185","100%","120","3","1","0","0.03","0.01","0.07"
"1540418","GDISGINASVVNIQK","1167","1181","100%","7","1","1","0","0.14","0.01","0.50"
"28511","ISGINASVVNIQKEI","1169","1183","100%","71","7","2","2","0.10","0.05","0.19"
"1087565","ISGINASVVNIQKEIDRL","1169","1186","100%","20","0","0","1","0.00","0.00","0.13"
"1394049","SGINASVVNIQKEIDRL","1170","1186","100%","1","0","0","1","0.00","0.00","0.94"
"1069816","GINASVVNIQKEIDR","1171","1185","100%","91","4","4","2","0.04","0.02","0.11"
"1392175","GINASVVNIQKEIDRLNEVA","1171","1190","100%","1","0","0","1","0.00","0.00","0.94"
"1309783","INASVVNIQKEIDRLNEV","1172","1189","100%","1","0","0","1","0.00","0.00","0.94"
"43316","NASVVNIQKEIDRLNEV","1173","1189","100%","42","0","0","1","0.00","0.00","0.07"
"1322298","NASVVNIQK","1173","1181","100%","2","1","1","0","0.50","0.02","0.97"
"1313192","NASVVNIQKEIDRLN","1173","1187","100%","53","0","0","2","0.00","0.00","0.07"
"530936","ASVVNIQKEIDRLNE","1174","1188","100%","3","0","0","1","0.00","0.00","0.61"
"1330425","ASVVNIQKEIDR","1174","1185","100%","1","1","1","0","1.00","0.04","1.00"
"1542637","SVVNIQKEIDRLNEV","1175","1189","100%","7","3","1","0","0.43","0.13","0.76"
"71771","VVNIQKEIDRLNEV","1176","1189","100%","1","0","0","1","0.00","0.00","0.94"
"1310931","VVNIQKEIDRLNEVA","1176","1190","100%","17","0","0","1","0.00","0.00","0.15"
"1309608","VVNIQKEIDRLNEVAKNLNE","1176","1195","100%","120","10","1","0","0.08","0.05","0.15"
"1073912","VNIQKEIDRLNEVAK","1177","1191","100%","55","1","1","3","0.02","0.00","0.10"
"1087783","VNIQKEIDRLNEVAKNLN","1177","1194","100%","20","0","0","1","0.00","0.00","0.13"
"1394133","VNIQKEIDRLNEVAKNL","1177","1193","100%","1","0","0","1","0.00","0.00","0.94"
"1392573","V1177","1177","1177","100%","4","1","1","0","0.25","0.01","0.74"
"1385997","NIQKEIDRLNEVAKNL","1178","1193","100%","40","33","1","0","0.83","0.70","0.91"
"532293","IQKEIDRLNEVAKNL","1179","1193","100%","10","2","1","1","0.20","0.04","0.49"
"1392563","I1179","1179","1179","100%","4","1","1","0","0.25","0.01","0.74"
"1310528","KEIDRLNEVAKNLNE","1181","1195","100%","90","3","1","3","0.03","0.01","0.09"
"1074949","KEIDRLNEV","1181","1189","100%","41","2","2","0","0.05","0.01","0.14"
"1392233","KEIDRLNEVAKNLNESLIDL","1181","1200","100%","1","0","0","1","0.00","0.00","0.94"
"1427817","EIDRLNEVAKNLNESL","1182","1197","100%","1","1","1","0","1.00","0.04","1.00"
"1070309","IDRLNEVAKNLNESL","1183","1197","100%","8","2","1","1","0.25","0.05","0.59"
"1331333","DRLNEVAKNLNE","1184","1195","100%","65","5","2","0","0.08","0.03","0.17"
"1393733","DRLNEVAKNLNESLIDL","1184","1200","100%","1","0","0","1","0.00","0.00","0.94"
"54680","RLNEVAKNL","1185","1193","100%","260","17","7","7","0.07","0.04","0.10"
"1087708","RLNEVAKNLNESLIDLQE","1185","1202","100%","20","0","0","1","0.00","0.00","0.13"
"1313457","RLNEVAKNLNESLID","1185","1199","100%","53","2","1","1","0.04","0.01","0.13"
"1310606","LNEVAKNLNESLIDL","1186","1200","100%","17","1","1","0","0.06","0.00","0.24"
"1309518","LNEVAKNLNESLIDLQELGK","1186","1205","100%","124","5","3","0","0.04","0.02","0.09"
"1541703","NEVAKNLNESLIDLQ","1187","1201","100%","7","1","1","0","0.14","0.01","0.50"
"1430471","EVAKNLNESLIDLQ","1188","1201","100%","1","1","1","0","1.00","0.04","1.00"
"534192","VAKNLNESLIDLQEL","1189","1203","100%","57","2","1","3","0.04","0.01","0.12"
"1310546","KNLNESLIDLQELGK","1191","1205","100%","44","0","0","3","0.00","0.00","0.06"
"1393875","KNLNESLIDLQELGKYE","1191","1207","100%","1","0","0","1","0.00","0.00","0.94"
"1392242","KNLNESLIDLQELGKYEQYI","1191","1210","100%","1","0","0","1","0.00","0.00","0.94"
"44814","NLNESLIDL","1192","1200","100%","182","12","4","6","0.07","0.04","0.11"
"1087616","LNESLIDLQELGKYEQYI","1193","1210","100%","20","0","0","1","0.00","0.00","0.13"
"1313033","LNESLIDLQELGKYE","1193","1207","100%","53","5","1","1","0.09","0.04","0.20"
"1310658","NESLIDLQEL","1194","1203","100%","17","1","1","1","0.06","0.00","0.24"
"1069451","ESLIDLQELGKYEQY","1195","1209","100%","8","6","1","1","0.75","0.40","0.95"
"59162","SLIDLQELGKYEQYIKW","1196","1212","100%","79","4","2","1","0.05","0.02","0.12"
"1310809","SLIDLQELGKYEQYI","1196","1210","100%","17","0","0","1","0.00","0.00","0.15"
"1125138","SLIDLQEL","1196","1203","100%","12","2","1","1","0.17","0.03","0.43"
"1309581","SLIDLQELGKYEQYIKWPWY","1196","1215","100%","120","2","1","0","0.02","0.00","0.06"
"1309125","LIDLQELGKYEQYI","1197","1210","100%","34","1","1","0","0.03","0.00","0.13"
"36481","LIDLQELGKY","1197","1206","100%","18","0","0","1","0.00","0.00","0.15"
"1312982","LIDLQELGKYEQYIK","1197","1211","100%","53","0","0","2","0.00","0.00","0.07"
"1393832","IDLQELGKYEQYIKWPW","1198","1214","100%","1","0","0","1","0.00","0.00","0.94"
"531185","DLQELGKYEQYIKWP","1199","1213","100%","10","0","0","2","0.00","0.00","0.25"
"1332702","LQELGKYEQY","1200","1209","100%","7","1","1","0","0.14","0.01","0.50"
"1071850","QELGKYEQYIKWPWY","1201","1215","100%","103","2","2","4","0.02","0.01","0.07"
"1087689","QELGKYEQYIKWPWYIWL","1201","1218","100%","20","0","0","1","0.00","0.00","0.13"
"1323200","QELGKYEQY","1201","1209","100%","5","1","1","0","0.20","0.01","0.64"
"1392371","QELGKYEQYIKWPWYIWLGF","1201","1220","100%","1","0","0","1","0.00","0.00","0.94"
"1074877","ELGKYEQYIKWPWYIWLGFIAGLIAIVMVTIMLCCMTSCCSCL","1202","1244","100%","4","1","1","0","0.25","0.01","0.74"
"1329338","ELGKYEQYIKWP","1202","1213","100%","1","0","0","1","0.00","0.00","0.94"
"1541283","LGKYEQYIKWPWYIW","1203","1217","100%","7","1","1","0","0.14","0.01","0.50"
"1309756","GKYEQYIKW","1204","1212","100%","5","5","1","0","1.00","0.55","1.00"
"1309829","KYEQYIKWP","1205","1213","100%","5","5","1","0","1.00","0.55","1.00"
"1312935","KYEQYIKWPWYIWLG","1205","1219","100%","53","0","0","2","0.00","0.00","0.07"
"1334466","KYEQYIKWPWYIWLGFIA","1205","1222","100%","20","2","1","0","0.10","0.02","0.27"
"1393884","KYEQYIKWPWYIWLGFI","1205","1221","100%","1","0","0","1","0.00","0.00","0.94"
"1309144","YEQYIKWPWYIWLGF","1206","1220","100%","51","2","2","0","0.04","0.01","0.13"
"1075120","YEQYIKWPWYI","1206","1216","100%","43","19","2","0","0.44","0.31","0.57"
"1309616","YEQYIKWPWYIWLGFIAGLI","1206","1225","100%","120","1","1","0","0.01","0.00","0.05"
"1311601","YEQYIKWPW","1206","1214","100%","13","2","2","0","0.15","0.03","0.40"
"1534291","YEQYIKWPWYIW","1206","1217","100%","1","0","0","1","0.00","0.00","0.94"
"1069449","EQYIKWPWYIWLGFI","1207","1221","100%","8","1","1","1","0.13","0.01","0.46"
"1310756","QYIKWPWYI","1208","1216","100%","61","24","10","1","0.39","0.28","0.52"
"1323673","QYIKWPWYIW","1208","1217","100%","2","1","1","0","0.50","0.02","0.97"
"1496170","QYIKWPWYIWLG","1208","1219","100%","1","0","0","1","0.00","0.00","0.94"
"1087799","YIKWPWYIWLGFIAGLIA","1209","1226","100%","20","0","0","1","0.00","0.00","0.13"
"1314002","YIKWPWYIWLGFIAG","1209","1223","100%","53","0","0","2","0.00","0.00","0.07"
"1310560","KWPWYIWLGFIAGLI","1211","1225","100%","42","0","0","3","0.00","0.00","0.07"
"1311572","KWPWYIWLGF","1211","1220","100%","6","3","2","0","0.50","0.15","0.84"
"1392254","KWPWYIWLGFIAGLIAIVMV","1211","1230","100%","1","0","0","1","0.00","0.00","0.94"
"1394157","WPWYIWLGFIAGLIAIV","1212","1228","100%","1","0","0","1","0.00","0.00","0.94"
"1071825","PWYIWLGFIAGLIAI","1213","1227","100%","63","3","2","2","0.05","0.02","0.13"
"1543451","YIWLGFIAGLIAIVM","1215","1229","100%","7","1","1","0","0.14","0.01","0.50"
"1310516","IWLGFIAGLIAIVMV","1216","1230","100%","16","1","1","1","0.06","0.00","0.25"
"1456115","IWLGFIAGLIAI","1216","1227","100%","1","0","0","1","0.00","0.00","0.94"
"1087793","WLGFIAGLIAIVMVTIML","1217","1234","100%","20","0","0","1","0.00","0.00","0.13"
"72717","WLGFIAGLIAIVMVT","1217","1231","100%","53","1","1","1","0.02","0.00","0.10"
"1069699","GFIAGLIAIVMVTIM","1219","1233","100%","8","1","1","1","0.13","0.01","0.46"
"1393786","GFIAGLIAIVMVTIMLC","1219","1235","100%","1","0","0","1","0.00","0.00","0.94"
"16156","FIAGLIAIV","1220","1228","100%","279","48","13","5","0.17","0.13","0.22"
"1310479","IAGLIAIVMVTIMLC","1221","1235","100%","88","1","1","3","0.01","0.00","0.06"
"1392211","IAGLIAIVMVTIMLCCMTSC","1221","1240","100%","1","0","0","1","0.00","0.00","0.94"
"1408726","AGLIAIVMVTIM","1222","1233","100%","1","0","0","1","0.00","0.00","0.94"
"1540506","GLIAIVMVTIMLCCM","1223","1237","100%","7","0","0","1","0.00","0.00","0.33"
"1467313","LIAIVMVTIMLC","1224","1235","100%","1","0","0","1","0.00","0.00","0.94"
"1070307","IAIVMVTIMLCCMTS","1225","1239","100%","63","2","2","2","0.03","0.01","0.11"
"1087548","IAIVMVTIMLCCMTSCCS","1225","1242","100%","20","0","0","1","0.00","0.00","0.13"
"1449304","IAIVMVTIMLCC","1225","1236","100%","1","0","0","1","0.00","0.00","0.94"
"1310266","AIVMVTIMLCCMTSC","1226","1240","100%","15","0","0","1","0.00","0.00","0.17"
"1393684","AIVMVTIMLCCMTSCCS","1226","1242","100%","1","0","0","1","0.00","0.00","0.94"
"1409571","AIVMVTIMLCCM","1226","1237","100%","1","0","0","1","0.00","0.00","0.94"
"1455808","IVMVTIMLCCMT","1227","1238","100%","1","0","0","1","0.00","0.00","0.94"
"1540903","IVMVTIMLCCMTSCC","1227","1241","100%","7","1","1","0","0.14","0.01","0.50"
"1526665","VMVTIMLCCMTS","1228","1239","100%","1","0","0","1","0.00","0.00","0.94"
"1313186","MVTIMLCCMTSCCSC","1229","1243","100%","53","0","0","2","0.00","0.00","0.07"
"1478107","MVTIMLCCMTSC","1229","1240","100%","1","1","1","0","1.00","0.04","1.00"
"1529772","VTIMLCCMTSCC","1230","1241","100%","1","1","1","0","1.00","0.04","1.00"
"1073433","TIMLCCMTSCCSCLK","1231","1245","100%","43","0","0","4","0.00","0.00","0.06"
"1392455","TIMLCCMTSCCSCLKGCCSC","1231","1250","100%","1","0","0","1","0.00","0.00","0.94"
"1515244","TIMLCCMTSCCS","1231","1242","100%","1","0","0","1","0.00","0.00","0.94"
"1452943","IMLCCMTSCCSC","1232","1243","100%","1","0","0","1","0.00","0.00","0.94"
"1087637","MLCCMTSCCSCLKGCCSC","1233","1250","100%","20","0","0","1","0.00","0.00","0.13"
"1313156","MLCCMTSCCSCLKGC","1233","1247","100%","53","0","0","2","0.00","0.00","0.07"
"1393928","MLCCMTSCCSCLKGCCS","1233","1249","100%","1","0","0","1","0.00","0.00","0.94"
"1392069","CCMTSCCSCLKGCCSCGSCCKFDEDDSEPVLKGVKLHYT","1235","1273","100%","19","3","1","0","0.16","0.04","0.35"
"1539673","CCMTSCCSCLKGCCS","1235","1249","100%","7","0","0","1","0.00","0.00","0.33"
"1310309","CMTSCCSCLKGCCSC","1236","1250","100%","15","0","0","1","0.00","0.00","0.17"
"6668","CMTSCCSCLK","1236","1245","100%","36","2","1","0","0.06","0.01","0.16"
"1309443","CMTSCCSCLKGCCSCGSCCK","1236","1255","100%","120","35","1","0","0.29","0.22","0.38"
"1071491","MTSCCSCLKGCCSCG","1237","1251","100%","54","0","0","3","0.00","0.00","0.07"
"42873","MTSCCSCLK","1237","1245","100%","10","0","0","1","0.00","0.00","0.25"
"1542391","SCCSCLKGCCSCGSC","1239","1253","100%","7","0","0","1","0.00","0.00","0.33"
"1393708","CCSCLKGCCSCGSCCKF","1240","1256","100%","1","0","0","1","0.00","0.00","0.94"
"1310316","CSCLKGCCSCGSCCK","1241","1255","100%","88","0","0","4","0.00","0.00","0.04"
"1087468","CSCLKGCCSCGSCCKFDE","1241","1258","100%","20","0","0","1","0.00","0.00","0.13"
"1392089","CSCLKGCCSCGSCCKFDEDD","1241","1260","100%","1","0","0","1","0.00","0.00","0.94"
"1069288","CLKGCCSCGSCCKFD","1243","1257","100%","8","1","1","1","0.13","0.01","0.46"
"1312819","KGCCSCGSCCKFDED","1245","1259","100%","53","2","1","1","0.04","0.01","0.13"
"1310436","GCCSCGSCCKFDEDD","1246","1260","100%","15","0","0","1","0.00","0.00","0.17"
"1309475","GCCSCGSCCKFDEDDSEPVL","1246","1265","100%","120","7","1","0","0.06","0.03","0.12"
"1311657","CCSCGSCCKFDEDDSEPVLKGVKL","1247","1270","100%","1","1","1","0","1.00","0.04","1.00"
"1378044","CCSCGSCCKFDEDDSE","1247","1262","100%","40","35","1","0","0.88","0.75","0.95"
"1378045","CCSCGSCCKFDEDDSEPVLKGVKLHYT","1247","1273","100%","1","1","1","0","1.00","0.04","1.00"
"1393707","CCSCGSCCKFDEDDSEP","1247","1263","100%","1","0","0","1","0.00","0.00","0.94"
"1539676","CCSCGSCCKFDEDDS","1247","1261","100%","7","3","1","0","0.43","0.13","0.76"
"1378222","CSCGSCCKFDEDDSEP","1248","1263","100%","40","30","1","0","0.75","0.61","0.85"
"533643","SCGSCCKFDEDDSEP","1249","1263","100%","58","4","2","3","0.07","0.03","0.16"
"1087718","SCGSCCKFDEDDSEPVLK","1249","1266","100%","20","0","0","1","0.00","0.00","0.13"
"1388096","SCGSCCKFDEDDSEPV","1249","1264","100%","40","29","1","0","0.73","0.59","0.83"
"1502175","SCGSCCKFDEDDSE","1249","1262","100%","1","1","1","0","1.00","0.04","1.00"
"1378112","CGSCCKFDEDDSEPVL","1250","1265","100%","40","32","1","0","0.80","0.67","0.89"
"1310459","GSCCKFDEDDSEPVL","1251","1265","100%","42","4","1","2","0.10","0.03","0.20"
"1381682","GSCCKFDEDDSEPVLK","1251","1266","100%","40","33","1","0","0.83","0.70","0.91"
"1392194","GSCCKFDEDDSEPVLKGVKL","1251","1270","100%","1","0","0","1","0.00","0.00","0.94"
"1388095","SCCKFDEDDSEPVLKG","1252","1267","100%","40","33","1","0","0.83","0.70","0.91"
"1312257","CCKFDEDDSEPVLKG","1253","1267","100%","54","2","2","1","0.04","0.01","0.13"
"1378041","CCKFDEDDSEPVLKGV","1253","1268","100%","40","34","1","0","0.85","0.73","0.93"
"1378139","CKFDEDDSEPVLKGVK","1254","1269","100%","40","32","1","0","0.80","0.67","0.89"
"1393711","CKFDEDDSEPVLKGVKL","1254","1270","100%","1","0","0","1","0.00","0.00","0.94"
"1070552","KFDEDDSEPVLKGVK","1255","1269","100%","8","2","1","1","0.25","0.05","0.59"
"1383350","KFDEDDSEPVLKGVKL","1255","1270","100%","40","33","1","0","0.83","0.70","0.91"
"1310384","FDEDDSEPVLKGVKL","1256","1270","100%","15","0","0","1","0.00","0.00","0.17"
"1309467","FDEDDSEPVLKGVKLHYT","1256","1273","100%","120","21","1","0","0.18","0.12","0.25"
"1316323","FDEDDSEPVL","1256","1265","100%","5","2","1","0","0.40","0.08","0.80"
"1380258","FDEDDSEPVLKGVKLH","1256","1271","100%","41","31","2","0","0.76","0.62","0.86"
"1312283","DEDDSEPVLKGVKLH","1257","1271","100%","54","2","2","1","0.04","0.01","0.13"
"1378443","DEDDSEPVLKGVKLHY","1257","1272","100%","40","30","1","0","0.75","0.61","0.85"
"1379369","EDDSEPVLKGVKLHYT","1258","1273","100%","40","33","1","0","0.83","0.70","0.91"
"7868","DDSEPVLKGVKLHYT","1259","1273","100%","94","37","3","3","0.39","0.30","0.49"
"1339917","DDSEPVLKGVKLH","1259","1271","100%","1","1","1","0","1.00","0.04","1.00"
"1379072","DSEPVLKGVKLHYT","1260","1273","100%","40","34","1","0","0.85","0.73","0.93"
"1072563","SEPVLKGVKLHYT","1261","1273","100%","123","35","1","5","0.28","0.21","0.37"
"57592","SEPVLKGVKL","1261","1270","100%","58","4","2","2","0.07","0.03","0.16"
"1310371","EPVLKGVKL","1262","1270","100%","24","2","2","1","0.08","0.01","0.23"
"1379912","EPVLKGVKLHYT","1262","1273","100%","41","37","1","1","0.90","0.79","0.96"
"1310896","VLKGVKLHY","1264","1272","100%","16","1","1","1","0.06","0.00","0.25"