"position","lowerbound","upperbound"
1,"0.0","0.09"
2,"0.01","0.08"
3,"0.0","0.05"
4,"0.01","0.05"
5,"0.01","0.04"
6,"0.01","0.04"
7,"0.0","0.03"
8,"0.01","0.03"
9,"0.01","0.03"
10,"0.01","0.03"
11,"0.01","0.03"
12,"0.01","0.03"
13,"0.01","0.02"
14,"0.01","0.02"
15,"0.01","0.02"
16,"0.01","0.02"
17,"0.01","0.02"
18,"0.0","0.02"
19,"0.0","0.02"
20,"0.0","0.02"
21,"0.0","0.02"
22,"0.01","0.02"
23,"0.0","0.02"
24,"0.01","0.02"
25,"0.01","0.02"
26,"0.01","0.03"
27,"0.01","0.03"
28,"0.02","0.04"
29,"0.01","0.04"
30,"0.02","0.05"
31,"0.02","0.05"
32,"0.03","0.05"
33,"0.03","0.06"
34,"0.03","0.06"
35,"0.03","0.06"
36,"0.04","0.07"
37,"0.04","0.07"
38,"0.06","0.1"
39,"0.06","0.1"
40,"0.06","0.1"
41,"0.05","0.09"
42,"0.05","0.09"
43,"0.05","0.08"
44,"0.05","0.09"
45,"0.05","0.08"
46,"0.04","0.07"
47,"0.01","0.04"
48,"0.01","0.04"
49,"0.01","0.03"
50,"0.01","0.03"
51,"0.01","0.02"
52,"0.01","0.03"
53,"0.01","0.03"
54,"0.01","0.03"
55,"0.01","0.03"
56,"0.01","0.03"
57,"0.01","0.04"
58,"0.01","0.04"
59,"0.01","0.04"
60,"0.01","0.03"
61,"0.01","0.03"
62,"0.01","0.03"
63,"0.01","0.03"
64,"0.01","0.03"
65,"0.01","0.03"
66,"0.01","0.03"
67,"0.01","0.03"
68,"0.01","0.03"
69,"0.01","0.03"
70,"0.01","0.03"
71,"0.01","0.03"
72,"0.01","0.03"
73,"0.01","0.02"
74,"0.01","0.02"
75,"0.01","0.02"
76,"0.01","0.03"
77,"0.01","0.03"
78,"0.01","0.03"
79,"0.01","0.03"
80,"0.01","0.03"
81,"0.01","0.03"
82,"0.01","0.03"
83,"0.01","0.03"
84,"0.07","0.11"
85,"0.07","0.11"
86,"0.08","0.12"
87,"0.07","0.11"
88,"0.07","0.11"
89,"0.07","0.11"
90,"0.07","0.11"
91,"0.07","0.11"
92,"0.07","0.11"
93,"0.0","0.02"
94,"0.01","0.02"
95,"0.01","0.02"
96,"0.01","0.02"
97,"0.01","0.02"
98,"0.01","0.02"
99,"0.01","0.02"
100,"0.01","0.02"
101,"0.0","0.02"
102,"0.0","0.02"
103,"0.03","0.06"
104,"0.03","0.06"
105,"0.03","0.06"
106,"0.03","0.06"
107,"0.03","0.06"
108,"0.04","0.07"
109,"0.04","0.07"
110,"0.04","0.07"
111,"0.04","0.07"
112,"0.01","0.03"
113,"0.01","0.03"
114,"0.02","0.04"
115,"0.02","0.04"
116,"0.02","0.04"
117,"0.02","0.04"
118,"0.02","0.04"
119,"0.02","0.04"
120,"0.02","0.04"
121,"0.02","0.04"
122,"0.02","0.05"
123,"0.02","0.04"
124,"0.02","0.04"
125,"0.02","0.04"
126,"0.02","0.04"
127,"0.02","0.04"
128,"0.02","0.04"
129,"0.02","0.05"
130,"0.02","0.05"
131,"0.02","0.05"
132,"0.02","0.04"
133,"0.02","0.05"
134,"0.02","0.05"
135,"0.02","0.05"
136,"0.02","0.05"
137,"0.02","0.05"
138,"0.02","0.05"
139,"0.02","0.05"
140,"0.03","0.06"
141,"0.02","0.06"
142,"0.03","0.07"
143,"0.04","0.07"
144,"0.04","0.08"
145,"0.05","0.09"
146,"0.06","0.1"
147,"0.06","0.1"
148,"0.07","0.12"
149,"0.07","0.12"
150,"0.08","0.13"
151,"0.08","0.13"
152,"0.1","0.15"
153,"0.11","0.16"
154,"0.13","0.18"
155,"0.14","0.2"
156,"0.14","0.19"
157,"0.13","0.19"
158,"0.14","0.2"
159,"0.13","0.18"
160,"0.12","0.18"
161,"0.11","0.16"
162,"0.11","0.16"
163,"0.1","0.15"
164,"0.09","0.14"
165,"0.09","0.14"
166,"0.08","0.13"
167,"0.08","0.12"
168,"0.06","0.11"
169,"0.05","0.09"
170,"0.04","0.07"
171,"0.02","0.05"
172,"0.02","0.05"
173,"0.02","0.04"
174,"0.02","0.04"
175,"0.02","0.04"
176,"0.02","0.05"
177,"0.02","0.05"
178,"0.02","0.04"
179,"0.02","0.04"
180,"0.02","0.04"
181,"0.02","0.04"
182,"0.02","0.04"
183,"0.01","0.04"
184,"0.02","0.04"
185,"0.02","0.04"
186,"0.02","0.04"
187,"0.01","0.04"
188,"0.01","0.04"
189,"0.01","0.03"
190,"0.01","0.03"
191,"0.01","0.03"
192,"0.01","0.03"
193,"0.01","0.03"
194,"0.01","0.03"
195,"0.01","0.03"
196,"0.01","0.03"
197,"0.01","0.03"
198,"0.01","0.03"
199,"0.01","0.03"
200,"0.01","0.03"
201,"0.01","0.02"
202,"0.0","0.02"
203,"0.01","0.02"
204,"0.01","0.03"
205,"0.01","0.02"
206,"0.01","0.02"
207,"0.01","0.02"
208,"0.01","0.03"
209,"0.01","0.02"
210,"0.01","0.03"
211,"0.01","0.03"
212,"0.01","0.04"
213,"0.02","0.04"
214,"0.02","0.05"
215,"0.03","0.06"
216,"0.03","0.06"
217,"0.03","0.06"
218,"0.03","0.06"
219,"0.03","0.07"
220,"0.04","0.07"
221,"0.04","0.07"
222,"0.04","0.07"
223,"0.04","0.07"
224,"0.04","0.07"
225,"0.04","0.08"
226,"0.05","0.08"
227,"0.04","0.08"
228,"0.04","0.08"
229,"0.04","0.07"
230,"0.03","0.07"
231,"0.03","0.06"
232,"0.03","0.07"
233,"0.03","0.07"
234,"0.03","0.06"
235,"0.03","0.06"
236,"0.03","0.06"
237,"0.03","0.06"
238,"0.03","0.06"
239,"0.03","0.06"
240,"0.03","0.06"
241,"0.02","0.05"
242,"0.03","0.06"
243,"0.02","0.05"
244,"0.03","0.06"
245,"0.03","0.05"
246,"0.03","0.06"
247,"0.03","0.06"
248,"0.03","0.06"
249,"0.03","0.06"
250,"0.03","0.07"
251,"0.03","0.06"
252,"0.03","0.07"
253,"0.04","0.07"
254,"0.03","0.07"
255,"0.04","0.07"
256,"0.04","0.08"
257,"0.04","0.08"
258,"0.04","0.07"
259,"0.04","0.08"
260,"0.04","0.07"
261,"0.04","0.07"
262,"0.03","0.06"
263,"0.03","0.06"
264,"0.03","0.06"
265,"0.03","0.06"
266,"0.03","0.06"
267,"0.02","0.05"
268,"0.02","0.05"
269,"0.02","0.05"
270,"0.02","0.05"
271,"0.02","0.04"
272,"0.01","0.04"
273,"0.01","0.04"
274,"0.01","0.03"
275,"0.01","0.03"
276,"0.01","0.03"
277,"0.01","0.03"
278,"0.02","0.04"
279,"0.02","0.04"
280,"0.02","0.05"
281,"0.02","0.05"
282,"0.05","0.09"
283,"0.05","0.09"
284,"0.05","0.09"
285,"0.05","0.09"
286,"0.06","0.1"
287,"0.06","0.1"
288,"0.06","0.1"
289,"0.06","0.1"
290,"0.06","0.1"
291,"0.03","0.06"
292,"0.03","0.07"
293,"0.02","0.06"
294,"0.02","0.05"
295,"0.02","0.05"
296,"0.02","0.05"
297,"0.02","0.05"
298,"0.02","0.05"
299,"0.02","0.05"
300,"0.03","0.06"
301,"0.03","0.06"
302,"0.03","0.06"
303,"0.03","0.07"
304,"0.03","0.07"
305,"0.03","0.07"
306,"0.03","0.07"
307,"0.03","0.07"
308,"0.03","0.07"
309,"0.03","0.07"
310,"0.03","0.07"
311,"0.03","0.07"
312,"0.03","0.06"
313,"0.02","0.05"
314,"0.02","0.05"
315,"0.01","0.04"
316,"0.01","0.04"
317,"0.01","0.03"
318,"0.01","0.02"
319,"0.0","0.02"
320,"0.0","0.02"
321,"0.0","0.01"
322,"0.0","0.01"
323,"0.0","0.02"
324,"0.0","0.02"
325,"0.01","0.02"
326,"0.01","0.02"
327,"0.01","0.02"
328,"0.01","0.03"
329,"0.01","0.03"
330,"0.01","0.03"
331,"0.01","0.02"
332,"0.01","0.02"
333,"0.01","0.02"
334,"0.01","0.03"
335,"0.01","0.03"
336,"0.01","0.03"
337,"0.01","0.03"
338,"0.01","0.03"
339,"0.01","0.03"
340,"0.01","0.02"
341,"0.0","0.02"
342,"0.0","0.02"
343,"0.0","0.02"
344,"0.0","0.02"
345,"0.0","0.02"
346,"0.0","0.02"
347,"0.0","0.02"
348,"0.01","0.02"
349,"0.0","0.02"
350,"0.0","0.02"
351,"0.0","0.02"
352,"0.0","0.02"
353,"0.0","0.02"
354,"0.0","0.02"
355,"0.0","0.02"
356,"0.0","0.02"
357,"0.0","0.02"
358,"0.0","0.02"
359,"0.0","0.02"
360,"0.0","0.02"
361,"0.0","0.02"
362,"0.0","0.02"
363,"0.0","0.01"
364,"0.0","0.01"
365,"0.0","0.01"
366,"0.0","0.01"
367,"0.0","0.01"
368,"0.0","0.01"
369,"0.0","0.01"
370,"0.0","0.02"
371,"0.0","0.02"
372,"0.01","0.02"
373,"0.01","0.02"
374,"0.01","0.03"
375,"0.01","0.03"
376,"0.01","0.03"
377,"0.01","0.03"
378,"0.01","0.03"
379,"0.01","0.04"
380,"0.02","0.04"
381,"0.02","0.04"
382,"0.02","0.04"
383,"0.02","0.04"
384,"0.02","0.05"
385,"0.02","0.05"
386,"0.03","0.05"
387,"0.02","0.05"
388,"0.02","0.05"
389,"0.02","0.05"
390,"0.02","0.05"
391,"0.02","0.04"
392,"0.02","0.05"
393,"0.02","0.04"
394,"0.02","0.04"
395,"0.02","0.04"
396,"0.02","0.04"
397,"0.02","0.04"
398,"0.02","0.04"
399,"0.02","0.04"
400,"0.01","0.04"
401,"0.01","0.03"
402,"0.01","0.02"
403,"0.01","0.02"
404,"0.01","0.02"
405,"0.0","0.02"
406,"0.0","0.02"
407,"0.0","0.02"
408,"0.0","0.02"
409,"0.0","0.02"
410,"0.0","0.02"
411,"0.0","0.01"
412,"0.0","0.01"
413,"0.0","0.01"
414,"0.0","0.01"
415,"0.0","0.01"
416,"0.0","0.01"
417,"0.0","0.01"
418,"0.0","0.01"
419,"0.0","0.01"
420,"0.0","0.01"
421,"0.0","0.01"
422,"0.0","0.01"
423,"0.0","0.01"
424,"0.0","0.01"
425,"0.0","0.01"
426,"0.0","0.01"
427,"0.0","0.01"
428,"0.0","0.01"
429,"0.0","0.01"
430,"0.0","0.02"
431,"0.0","0.02"
432,"0.0","0.02"
433,"0.0","0.02"
434,"0.0","0.02"
435,"0.0","0.02"
436,"0.01","0.02"
437,"0.01","0.02"
438,"0.01","0.03"
439,"0.01","0.03"
440,"0.01","0.03"
441,"0.01","0.03"
442,"0.01","0.03"
443,"0.01","0.03"
444,"0.01","0.03"
445,"0.04","0.07"
446,"0.04","0.07"
447,"0.04","0.08"
448,"0.04","0.08"
449,"0.05","0.08"
450,"0.05","0.08"
451,"0.05","0.08"
452,"0.05","0.09"
453,"0.05","0.08"
454,"0.04","0.08"
455,"0.04","0.08"
456,"0.04","0.08"
457,"0.05","0.09"
458,"0.05","0.09"
459,"0.05","0.09"
460,"0.05","0.09"
461,"0.02","0.05"
462,"0.02","0.05"
463,"0.02","0.04"
464,"0.02","0.04"
465,"0.02","0.04"
466,"0.02","0.04"
467,"0.01","0.04"
468,"0.02","0.04"
469,"0.01","0.04"
470,"0.01","0.04"
471,"0.02","0.04"
472,"0.02","0.04"
473,"0.01","0.04"
474,"0.01","0.03"
475,"0.01","0.03"
476,"0.01","0.03"
477,"0.01","0.02"
478,"0.01","0.03"
479,"0.01","0.02"
480,"0.01","0.03"
481,"0.01","0.03"
482,"0.01","0.03"
483,"0.01","0.03"
484,"0.01","0.03"
485,"0.01","0.03"
486,"0.01","0.04"
487,"0.01","0.03"
488,"0.01","0.04"
489,"0.01","0.04"
490,"0.01","0.04"
491,"0.01","0.04"
492,"0.01","0.03"
493,"0.01","0.03"
494,"0.02","0.04"
495,"0.02","0.04"
496,"0.01","0.04"
497,"0.01","0.03"
498,"0.01","0.03"
499,"0.01","0.03"
500,"0.01","0.03"
501,"0.01","0.03"
502,"0.01","0.03"
503,"0.01","0.03"
504,"0.01","0.04"
505,"0.01","0.03"
506,"0.01","0.04"
507,"0.01","0.04"
508,"0.01","0.04"
509,"0.01","0.03"
510,"0.01","0.03"
511,"0.01","0.03"
512,"0.01","0.03"
513,"0.01","0.03"
514,"0.01","0.03"
515,"0.01","0.03"
516,"0.01","0.03"
517,"0.01","0.03"
518,"0.01","0.03"
519,"0.01","0.02"
520,"0.01","0.02"
521,"0.0","0.02"
522,"0.01","0.02"
523,"0.01","0.02"
524,"0.01","0.02"
525,"0.01","0.03"
526,"0.01","0.03"
527,"0.01","0.03"
528,"0.01","0.03"
529,"0.01","0.03"
530,"0.01","0.03"
531,"0.01","0.03"
532,"0.01","0.02"
533,"0.01","0.02"
534,"0.01","0.02"
535,"0.01","0.02"
536,"0.01","0.03"
537,"0.01","0.03"
538,"0.01","0.02"
539,"0.01","0.02"
540,"0.01","0.02"
541,"0.01","0.02"
542,"0.01","0.02"
543,"0.01","0.02"
544,"0.01","0.02"
545,"0.0","0.01"
546,"0.0","0.02"
547,"0.0","0.02"
548,"0.0","0.02"
549,"0.01","0.02"
550,"0.01","0.02"
551,"0.01","0.02"
552,"0.01","0.02"
553,"0.01","0.02"
554,"0.01","0.02"
555,"0.01","0.03"
556,"0.01","0.03"
557,"0.01","0.02"
558,"0.01","0.02"
559,"0.01","0.02"
560,"0.01","0.02"
561,"0.0","0.02"
562,"0.0","0.02"
563,"0.0","0.02"
564,"0.0","0.02"
565,"0.0","0.02"
566,"0.0","0.02"
567,"0.0","0.02"
568,"0.01","0.02"
569,"0.01","0.02"
570,"0.01","0.02"
571,"0.01","0.02"
572,"0.01","0.03"
573,"0.01","0.03"
574,"0.01","0.03"
575,"0.01","0.03"
576,"0.01","0.04"
577,"0.01","0.03"
578,"0.01","0.04"
579,"0.01","0.04"
580,"0.02","0.04"
581,"0.02","0.04"
582,"0.02","0.04"
583,"0.02","0.04"
584,"0.02","0.04"
585,"0.02","0.04"
586,"0.02","0.04"
587,"0.02","0.04"
588,"0.01","0.04"
589,"0.01","0.04"
590,"0.02","0.04"
591,"0.02","0.04"
592,"0.02","0.04"
593,"0.01","0.04"
594,"0.01","0.03"
595,"0.01","0.03"
596,"0.01","0.03"
597,"0.01","0.03"
598,"0.01","0.03"
599,"0.01","0.02"
600,"0.01","0.02"
601,"0.0","0.01"
602,"0.0","0.02"
603,"0.0","0.01"
604,"0.0","0.01"
605,"0.0","0.01"
606,"0.0","0.01"
607,"0.0","0.01"
608,"0.0","0.01"
609,"0.0","0.02"
610,"0.0","0.02"
611,"0.0","0.02"
612,"0.0","0.02"
613,"0.01","0.02"
614,"0.01","0.03"
615,"0.01","0.03"
616,"0.01","0.03"
617,"0.01","0.03"
618,"0.01","0.03"
619,"0.01","0.04"
620,"0.01","0.04"
621,"0.02","0.04"
622,"0.02","0.04"
623,"0.01","0.04"
624,"0.02","0.04"
625,"0.02","0.04"
626,"0.02","0.05"
627,"0.02","0.05"
628,"0.02","0.05"
629,"0.02","0.05"
630,"0.02","0.05"
631,"0.02","0.05"
632,"0.03","0.06"
633,"0.03","0.06"
634,"0.03","0.06"
635,"0.03","0.06"
636,"0.03","0.06"
637,"0.03","0.06"
638,"0.03","0.06"
639,"0.03","0.06"
640,"0.03","0.05"
641,"0.04","0.08"
642,"0.04","0.08"
643,"0.04","0.07"
644,"0.04","0.08"
645,"0.04","0.08"
646,"0.04","0.07"
647,"0.03","0.07"
648,"0.03","0.06"
649,"0.03","0.06"
650,"0.01","0.03"
651,"0.01","0.03"
652,"0.01","0.03"
653,"0.01","0.03"
654,"0.01","0.03"
655,"0.01","0.03"
656,"0.01","0.03"
657,"0.01","0.03"
658,"0.01","0.03"
659,"0.01","0.03"
660,"0.01","0.03"
661,"0.01","0.03"
662,"0.01","0.03"
663,"0.01","0.03"
664,"0.01","0.03"
665,"0.01","0.03"
666,"0.01","0.04"
667,"0.01","0.04"
668,"0.01","0.04"
669,"0.01","0.04"
670,"0.02","0.04"
671,"0.02","0.05"
672,"0.02","0.04"
673,"0.02","0.04"
674,"0.02","0.04"
675,"0.01","0.04"
676,"0.01","0.04"
677,"0.01","0.03"
678,"0.01","0.03"
679,"0.01","0.02"
680,"0.01","0.03"
681,"0.01","0.03"
682,"0.01","0.03"
683,"0.01","0.03"
684,"0.01","0.03"
685,"0.01","0.03"
686,"0.01","0.03"
687,"0.01","0.03"
688,"0.01","0.04"
689,"0.01","0.03"
690,"0.01","0.03"
691,"0.01","0.03"
692,"0.01","0.03"
693,"0.01","0.03"
694,"0.01","0.02"
695,"0.01","0.02"
696,"0.01","0.02"
697,"0.0","0.02"
698,"0.0","0.02"
699,"0.0","0.02"
700,"0.0","0.02"
701,"0.0","0.02"
702,"0.0","0.02"
703,"0.0","0.02"
704,"0.0","0.02"
705,"0.0","0.02"
706,"0.0","0.02"
707,"0.0","0.02"
708,"0.01","0.02"
709,"0.01","0.02"
710,"0.01","0.03"
711,"0.01","0.03"
712,"0.01","0.03"
713,"0.01","0.03"
714,"0.01","0.03"
715,"0.01","0.03"
716,"0.01","0.03"
717,"0.01","0.03"
718,"0.01","0.03"
719,"0.01","0.03"
720,"0.01","0.03"
721,"0.01","0.04"
722,"0.01","0.04"
723,"0.01","0.03"
724,"0.01","0.03"
725,"0.01","0.03"
726,"0.01","0.03"
727,"0.01","0.03"
728,"0.01","0.03"
729,"0.01","0.03"
730,"0.01","0.03"
731,"0.01","0.03"
732,"0.01","0.03"
733,"0.01","0.03"
734,"0.01","0.02"
735,"0.01","0.04"
736,"0.01","0.04"
737,"0.01","0.03"
738,"0.01","0.04"
739,"0.01","0.04"
740,"0.02","0.04"
741,"0.02","0.04"
742,"0.02","0.04"
743,"0.02","0.04"
744,"0.02","0.05"
745,"0.02","0.05"
746,"0.03","0.06"
747,"0.03","0.07"
748,"0.04","0.07"
749,"0.04","0.08"
750,"0.05","0.08"
751,"0.05","0.09"
752,"0.05","0.09"
753,"0.05","0.09"
754,"0.06","0.1"
755,"0.06","0.1"
756,"0.06","0.1"
757,"0.06","0.1"
758,"0.07","0.11"
759,"0.07","0.11"
760,"0.07","0.11"
761,"0.06","0.1"
762,"0.07","0.11"
763,"0.06","0.1"
764,"0.06","0.1"
765,"0.06","0.09"
766,"0.06","0.1"
767,"0.06","0.1"
768,"0.06","0.1"
769,"0.05","0.09"
770,"0.05","0.08"
771,"0.05","0.08"
772,"0.05","0.08"
773,"0.04","0.07"
774,"0.04","0.07"
775,"0.03","0.06"
776,"0.03","0.06"
777,"0.02","0.05"
778,"0.02","0.05"
779,"0.02","0.04"
780,"0.02","0.04"
781,"0.01","0.04"
782,"0.01","0.03"
783,"0.01","0.03"
784,"0.01","0.02"
785,"0.01","0.02"
786,"0.01","0.02"
787,"0.0","0.02"
788,"0.01","0.02"
789,"0.01","0.03"
790,"0.01","0.03"
791,"0.01","0.03"
792,"0.01","0.04"
793,"0.01","0.04"
794,"0.01","0.04"
795,"0.02","0.04"
796,"0.01","0.04"
797,"0.02","0.04"
798,"0.02","0.04"
799,"0.02","0.04"
800,"0.02","0.05"
801,"0.02","0.05"
802,"0.02","0.05"
803,"0.02","0.05"
804,"0.02","0.05"
805,"0.02","0.05"
806,"0.02","0.05"
807,"0.03","0.06"
808,"0.05","0.09"
809,"0.05","0.08"
810,"0.04","0.08"
811,"0.04","0.08"
812,"0.04","0.08"
813,"0.04","0.08"
814,"0.04","0.07"
815,"0.04","0.07"
816,"0.04","0.07"
817,"0.01","0.03"
818,"0.01","0.04"
819,"0.01","0.04"
820,"0.02","0.04"
821,"0.01","0.04"
822,"0.01","0.03"
823,"0.01","0.04"
824,"0.01","0.04"
825,"0.02","0.05"
826,"0.02","0.05"
827,"0.03","0.06"
828,"0.03","0.06"
829,"0.02","0.05"
830,"0.02","0.05"
831,"0.03","0.05"
832,"0.03","0.06"
833,"0.02","0.05"
834,"0.02","0.04"
835,"0.01","0.04"
836,"0.02","0.04"
837,"0.02","0.05"
838,"0.02","0.05"
839,"0.02","0.05"
840,"0.03","0.06"
841,"0.03","0.07"
842,"0.04","0.07"
843,"0.04","0.07"
844,"0.04","0.08"
845,"0.04","0.08"
846,"0.04","0.08"
847,"0.04","0.08"
848,"0.04","0.07"
849,"0.04","0.07"
850,"0.04","0.07"
851,"0.04","0.07"
852,"0.04","0.07"
853,"0.03","0.06"
854,"0.03","0.06"
855,"0.03","0.06"
856,"0.02","0.05"
857,"0.02","0.04"
858,"0.02","0.04"
859,"0.01","0.03"
860,"0.01","0.03"
861,"0.01","0.02"
862,"0.01","0.02"
863,"0.0","0.02"
864,"0.01","0.02"
865,"0.01","0.02"
866,"0.01","0.02"
867,"0.01","0.02"
868,"0.01","0.02"
869,"0.0","0.02"
870,"0.01","0.02"
871,"0.0","0.02"
872,"0.0","0.02"
873,"0.0","0.02"
874,"0.0","0.02"
875,"0.0","0.02"
876,"0.01","0.03"
877,"0.01","0.03"
878,"0.01","0.04"
879,"0.01","0.04"
880,"0.02","0.04"
881,"0.02","0.04"
882,"0.02","0.05"
883,"0.02","0.05"
884,"0.03","0.05"
885,"0.03","0.05"
886,"0.03","0.06"
887,"0.03","0.06"
888,"0.03","0.06"
889,"0.03","0.06"
890,"0.03","0.06"
891,"0.03","0.06"
892,"0.03","0.06"
893,"0.03","0.06"
894,"0.03","0.06"
895,"0.03","0.06"
896,"0.03","0.06"
897,"0.03","0.06"
898,"0.03","0.06"
899,"0.03","0.06"
900,"0.04","0.07"
901,"0.03","0.06"
902,"0.03","0.06"
903,"0.03","0.06"
904,"0.03","0.06"
905,"0.03","0.06"
906,"0.05","0.08"
907,"0.04","0.07"
908,"0.04","0.07"
909,"0.04","0.07"
910,"0.04","0.07"
911,"0.04","0.07"
912,"0.04","0.07"
913,"0.03","0.06"
914,"0.03","0.06"
915,"0.03","0.05"
916,"0.02","0.05"
917,"0.01","0.03"
918,"0.02","0.04"
919,"0.02","0.04"
920,"0.03","0.05"
921,"0.03","0.06"
922,"0.04","0.07"
923,"0.04","0.08"
924,"0.05","0.09"
925,"0.06","0.09"
926,"0.06","0.11"
927,"0.07","0.11"
928,"0.08","0.12"
929,"0.09","0.14"
930,"0.1","0.15"
931,"0.1","0.15"
932,"0.11","0.16"
933,"0.11","0.16"
934,"0.11","0.16"
935,"0.1","0.15"
936,"0.11","0.16"
937,"0.1","0.14"
938,"0.1","0.15"
939,"0.09","0.13"
940,"0.09","0.14"
941,"0.08","0.12"
942,"0.08","0.13"
943,"0.07","0.11"
944,"0.07","0.11"
945,"0.05","0.09"
946,"0.05","0.09"
947,"0.05","0.08"
948,"0.05","0.09"
949,"0.04","0.08"
950,"0.05","0.08"
951,"0.04","0.07"
952,"0.04","0.08"
953,"0.04","0.07"
954,"0.04","0.07"
955,"0.03","0.06"
956,"0.03","0.06"
957,"0.02","0.05"
958,"0.02","0.05"
959,"0.02","0.05"
960,"0.03","0.06"
961,"0.03","0.06"
962,"0.03","0.06"
963,"0.02","0.04"
964,"0.02","0.05"
965,"0.02","0.05"
966,"0.02","0.05"
967,"0.02","0.05"
968,"0.03","0.06"
969,"0.03","0.06"
970,"0.03","0.06"
971,"0.03","0.07"
972,"0.04","0.08"
973,"0.04","0.08"
974,"0.05","0.08"
975,"0.04","0.08"
976,"0.05","0.09"
977,"0.05","0.09"
978,"0.06","0.1"
979,"0.05","0.09"
980,"0.05","0.09"
981,"0.05","0.09"
982,"0.05","0.09"
983,"0.05","0.08"
984,"0.05","0.09"
985,"0.04","0.08"
986,"0.04","0.08"
987,"0.04","0.07"
988,"0.04","0.07"
989,"0.03","0.07"
990,"0.03","0.06"
991,"0.03","0.06"
992,"0.03","0.06"
993,"0.03","0.05"
994,"0.03","0.05"
995,"0.02","0.05"
996,"0.02","0.05"
997,"0.02","0.04"
998,"0.02","0.04"
999,"0.02","0.04"
1000,"0.02","0.05"
1001,"0.02","0.05"
1002,"0.02","0.05"
1003,"0.02","0.05"
1004,"0.02","0.05"
1005,"0.02","0.05"
1006,"0.02","0.05"
1007,"0.02","0.05"
1008,"0.02","0.05"
1009,"0.01","0.03"
1010,"0.01","0.03"
1011,"0.01","0.03"
1012,"0.01","0.04"
1013,"0.01","0.03"
1014,"0.02","0.04"
1015,"0.02","0.04"
1016,"0.02","0.04"
1017,"0.02","0.04"
1018,"0.02","0.04"
1019,"0.02","0.04"
1020,"0.02","0.04"
1021,"0.01","0.04"
1022,"0.01","0.04"
1023,"0.02","0.04"
1024,"0.02","0.05"
1025,"0.02","0.05"
1026,"0.02","0.05"
1027,"0.02","0.05"
1028,"0.03","0.06"
1029,"0.03","0.06"
1030,"0.03","0.06"
1031,"0.03","0.06"
1032,"0.02","0.05"
1033,"0.02","0.05"
1034,"0.03","0.06"
1035,"0.03","0.06"
1036,"0.03","0.06"
1037,"0.03","0.06"
1038,"0.03","0.07"
1039,"0.03","0.06"
1040,"0.03","0.06"
1041,"0.03","0.06"
1042,"0.02","0.05"
1043,"0.02","0.05"
1044,"0.02","0.05"
1045,"0.02","0.05"
1046,"0.02","0.05"
1047,"0.02","0.04"
1048,"0.02","0.05"
1049,"0.02","0.04"
1050,"0.02","0.04"
1051,"0.01","0.04"
1052,"0.01","0.03"
1053,"0.01","0.03"
1054,"0.01","0.03"
1055,"0.01","0.03"
1056,"0.01","0.03"
1057,"0.01","0.03"
1058,"0.01","0.03"
1059,"0.01","0.03"
1060,"0.01","0.03"
1061,"0.03","0.06"
1062,"0.03","0.05"
1063,"0.03","0.05"
1064,"0.04","0.07"
1065,"0.04","0.07"
1066,"0.04","0.08"
1067,"0.04","0.08"
1068,"0.04","0.08"
1069,"0.05","0.08"
1070,"0.05","0.08"
1071,"0.06","0.1"
1072,"0.07","0.11"
1073,"0.08","0.12"
1074,"0.08","0.13"
1075,"0.09","0.14"
1076,"0.08","0.12"
1077,"0.08","0.12"
1078,"0.08","0.12"
1079,"0.06","0.1"
1080,"0.06","0.11"
1081,"0.06","0.11"
1082,"0.06","0.11"
1083,"0.06","0.11"
1084,"0.06","0.1"
1085,"0.06","0.1"
1086,"0.06","0.11"
1087,"0.05","0.09"
1088,"0.05","0.08"
1089,"0.04","0.07"
1090,"0.03","0.06"
1091,"0.02","0.05"
1092,"0.02","0.05"
1093,"0.02","0.05"
1094,"0.02","0.04"
1095,"0.01","0.04"
1096,"0.01","0.04"
1097,"0.01","0.04"
1098,"0.01","0.03"
1099,"0.01","0.03"
1100,"0.01","0.03"
1101,"0.01","0.03"
1102,"0.01","0.02"
1103,"0.0","0.02"
1104,"0.0","0.02"
1105,"0.0","0.01"
1106,"0.0","0.01"
1107,"0.0","0.01"
1108,"0.0","0.01"
1109,"0.0","0.01"
1110,"0.0","0.01"
1111,"0.0","0.01"
1112,"0.0","0.02"
1113,"0.01","0.03"
1114,"0.01","0.04"
1115,"0.02","0.04"
1116,"0.02","0.05"
1117,"0.02","0.05"
1118,"0.03","0.06"
1119,"0.03","0.07"
1120,"0.04","0.07"
1121,"0.04","0.07"
1122,"0.04","0.08"
1123,"0.04","0.08"
1124,"0.05","0.08"
1125,"0.05","0.09"
1126,"0.05","0.09"
1127,"0.05","0.09"
1128,"0.05","0.09"
1129,"0.05","0.08"
1130,"0.04","0.07"
1131,"0.04","0.07"
1132,"0.04","0.07"
1133,"0.03","0.07"
1134,"0.03","0.06"
1135,"0.03","0.06"
1136,"0.02","0.05"
1137,"0.02","0.05"
1138,"0.02","0.04"
1139,"0.02","0.04"
1140,"0.02","0.04"
1141,"0.01","0.03"
1142,"0.01","0.03"
1143,"0.01","0.03"
1144,"0.01","0.03"
1145,"0.01","0.03"
1146,"0.01","0.04"
1147,"0.01","0.03"
1148,"0.01","0.03"
1149,"0.01","0.04"
1150,"0.01","0.04"
1151,"0.02","0.04"
1152,"0.01","0.04"
1153,"0.01","0.03"
1154,"0.01","0.03"
1155,"0.01","0.03"
1156,"0.01","0.03"
1157,"0.01","0.03"
1158,"0.01","0.04"
1159,"0.01","0.04"
1160,"0.01","0.04"
1161,"0.01","0.03"
1162,"0.01","0.03"
1163,"0.01","0.03"
1164,"0.01","0.03"
1165,"0.01","0.03"
1166,"0.01","0.03"
1167,"0.01","0.03"
1168,"0.01","0.03"
1169,"0.01","0.03"
1170,"0.02","0.04"
1171,"0.01","0.04"
1172,"0.02","0.04"
1173,"0.01","0.03"
1174,"0.02","0.04"
1175,"0.02","0.04"
1176,"0.02","0.04"
1177,"0.02","0.05"
1178,"0.02","0.05"
1179,"0.02","0.05"
1180,"0.02","0.05"
1181,"0.02","0.05"
1182,"0.02","0.05"
1183,"0.02","0.05"
1184,"0.02","0.05"
1185,"0.02","0.05"
1186,"0.03","0.06"
1187,"0.03","0.06"
1188,"0.03","0.06"
1189,"0.03","0.06"
1190,"0.03","0.06"
1191,"0.03","0.06"
1192,"0.03","0.07"
1193,"0.03","0.06"
1194,"0.03","0.06"
1195,"0.03","0.06"
1196,"0.04","0.07"
1197,"0.03","0.07"
1198,"0.03","0.07"
1199,"0.04","0.07"
1200,"0.04","0.08"
1201,"0.04","0.07"
1202,"0.04","0.08"
1203,"0.04","0.08"
1204,"0.05","0.08"
1205,"0.05","0.08"
1206,"0.05","0.09"
1207,"0.04","0.08"
1208,"0.04","0.08"
1209,"0.04","0.08"
1210,"0.05","0.09"
1211,"0.05","0.08"
1212,"0.04","0.08"
1213,"0.05","0.09"
1214,"0.05","0.09"
1215,"0.05","0.09"
1216,"0.05","0.09"
1217,"0.06","0.1"
1218,"0.06","0.1"
1219,"0.05","0.09"
1220,"0.05","0.09"
1221,"0.05","0.09"
1222,"0.05","0.09"
1223,"0.05","0.09"
1224,"0.05","0.09"
1225,"0.05","0.09"
1226,"0.04","0.08"
1227,"0.04","0.08"
1228,"0.04","0.08"
1229,"0.04","0.07"
1230,"0.04","0.07"
1231,"0.04","0.07"
1232,"0.04","0.08"
1233,"0.03","0.06"
1234,"0.03","0.06"
1235,"0.03","0.06"
1236,"0.03","0.06"
1237,"0.03","0.06"
1238,"0.03","0.06"
1239,"0.03","0.06"
1240,"0.03","0.06"
1241,"0.03","0.06"
1242,"0.03","0.06"
1243,"0.03","0.06"
1244,"0.03","0.06"
1245,"0.03","0.06"
1246,"0.03","0.06"
1247,"0.03","0.06"
1248,"0.03","0.06"
1249,"0.03","0.06"
1250,"0.03","0.06"
1251,"0.03","0.06"
1252,"0.03","0.06"
1253,"0.02","0.05"
1254,"0.02","0.05"
1255,"0.03","0.05"
1256,"0.03","0.06"
1257,"0.02","0.05"
1258,"0.02","0.05"
1259,"0.02","0.04"
1260,"0.02","0.04"
1261,"0.02","0.04"
1262,"0.02","0.04"
1263,"0.02","0.04"
1264,"0.02","0.05"
1265,"0.02","0.04"
1266,"0.02","0.05"
1267,"0.02","0.05"
1268,"0.02","0.05"
1269,"0.02","0.05"
1270,"0.03","0.05"
1271,"0.02","0.05"
1272,"0.03","0.05"
1273,"0.03","0.06"
1274,"0.03","0.06"
1275,"0.03","0.06"
1276,"0.03","0.06"
1277,"0.03","0.06"
1278,"0.03","0.06"
1279,"0.03","0.05"
1280,"0.03","0.05"
1281,"0.03","0.05"
1282,"0.03","0.05"
1283,"0.03","0.05"
1284,"0.02","0.05"
1285,"0.02","0.05"
1286,"0.02","0.04"
1287,"0.01","0.03"
1288,"0.01","0.03"
1289,"0.01","0.03"
1290,"0.01","0.03"
1291,"0.01","0.02"
1292,"0.0","0.02"
1293,"0.0","0.02"
1294,"0.0","0.02"
1295,"0.0","0.02"
1296,"0.0","0.02"
1297,"0.0","0.02"
1298,"0.01","0.02"
1299,"0.01","0.02"
1300,"0.01","0.03"
1301,"0.01","0.03"
1302,"0.01","0.03"
1303,"0.01","0.03"
1304,"0.01","0.03"
1305,"0.01","0.03"
1306,"0.01","0.03"
1307,"0.01","0.03"
1308,"0.01","0.03"
1309,"0.01","0.03"
1310,"0.01","0.03"
1311,"0.01","0.03"
1312,"0.01","0.03"
1313,"0.01","0.03"
1314,"0.01","0.03"
1315,"0.01","0.02"
1316,"0.02","0.04"
1317,"0.02","0.04"
1318,"0.02","0.04"
1319,"0.02","0.04"
1320,"0.02","0.04"
1321,"0.08","0.12"
1322,"0.08","0.12"
1323,"0.08","0.13"
1324,"0.08","0.13"
1325,"0.08","0.12"
1326,"0.08","0.12"
1327,"0.08","0.12"
1328,"0.09","0.13"
1329,"0.09","0.14"
1330,"0.01","0.04"
1331,"0.01","0.04"
1332,"0.01","0.04"
1333,"0.01","0.04"
1334,"0.01","0.04"
1335,"0.01","0.04"
1336,"0.01","0.04"
1337,"0.02","0.04"
1338,"0.01","0.04"
1339,"0.01","0.04"
1340,"0.02","0.04"
1341,"0.02","0.04"
1342,"0.02","0.04"
1343,"0.01","0.04"
1344,"0.01","0.03"
1345,"0.01","0.03"
1346,"0.01","0.03"
1347,"0.01","0.03"
1348,"0.01","0.03"
1349,"0.01","0.03"
1350,"0.04","0.07"
1351,"0.04","0.07"
1352,"0.04","0.07"
1353,"0.04","0.07"
1354,"0.04","0.07"
1355,"0.04","0.07"
1356,"0.04","0.07"
1357,"0.04","0.07"
1358,"0.04","0.07"
1359,"0.04","0.08"
1360,"0.04","0.08"
1361,"0.05","0.09"
1362,"0.05","0.09"
1363,"0.05","0.09"
1364,"0.05","0.09"
1365,"0.03","0.06"
1366,"0.03","0.05"
1367,"0.02","0.05"
1368,"0.02","0.05"
1369,"0.02","0.05"
1370,"0.02","0.05"
1371,"0.02","0.05"
1372,"0.03","0.06"
1373,"0.03","0.05"
1374,"0.02","0.05"
1375,"0.02","0.05"
1376,"0.01","0.03"
1377,"0.01","0.03"
1378,"0.01","0.03"
1379,"0.01","0.03"
1380,"0.01","0.03"
1381,"0.01","0.03"
1382,"0.01","0.04"
1383,"0.01","0.04"
1384,"0.02","0.04"
1385,"0.01","0.03"
1386,"0.01","0.03"
1387,"0.01","0.03"
1388,"0.01","0.03"
1389,"0.01","0.03"
1390,"0.01","0.03"
1391,"0.01","0.03"
1392,"0.01","0.03"
1393,"0.01","0.03"
1394,"0.01","0.03"
1395,"0.01","0.02"
1396,"0.01","0.03"
1397,"0.01","0.03"
1398,"0.01","0.04"
1399,"0.01","0.04"
1400,"0.02","0.04"
1401,"0.02","0.05"
1402,"0.03","0.06"
1403,"0.03","0.06"
1404,"0.03","0.06"
1405,"0.03","0.06"
1406,"0.03","0.06"
1407,"0.03","0.07"
1408,"0.03","0.07"
1409,"0.03","0.07"
1410,"0.03","0.07"
1411,"0.03","0.07"
1412,"0.03","0.06"
1413,"0.02","0.06"
1414,"0.03","0.06"
1415,"0.02","0.05"
1416,"0.02","0.05"
1417,"0.02","0.04"
1418,"0.01","0.03"
1419,"0.01","0.03"
1420,"0.01","0.03"
1421,"0.01","0.03"
1422,"0.01","0.03"
1423,"0.01","0.02"
1424,"0.01","0.03"
1425,"0.01","0.03"
1426,"0.01","0.03"
1427,"0.02","0.04"
1428,"0.02","0.05"
1429,"0.03","0.07"
1430,"0.04","0.08"
1431,"0.06","0.1"
1432,"0.08","0.12"
1433,"0.09","0.13"
1434,"0.1","0.15"
1435,"0.11","0.16"
1436,"0.13","0.18"
1437,"0.14","0.2"
1438,"0.15","0.21"
1439,"0.16","0.21"
1440,"0.16","0.22"
1441,"0.16","0.22"
1442,"0.16","0.22"
1443,"0.16","0.21"
1444,"0.15","0.21"
1445,"0.13","0.19"
1446,"0.13","0.18"
1447,"0.11","0.16"
1448,"0.09","0.14"
1449,"0.08","0.13"
1450,"0.07","0.12"
1451,"0.06","0.1"
1452,"0.05","0.09"
1453,"0.03","0.07"
1454,"0.03","0.06"
1455,"0.02","0.05"
1456,"0.02","0.04"
1457,"0.01","0.04"
1458,"0.01","0.03"
1459,"0.01","0.04"
1460,"0.02","0.05"
1461,"0.03","0.06"
1462,"0.03","0.06"
1463,"0.03","0.06"
1464,"0.03","0.05"
1465,"0.02","0.05"
1466,"0.02","0.05"
1467,"0.02","0.05"
1468,"0.02","0.05"
1469,"0.02","0.05"
1470,"0.02","0.05"
1471,"0.02","0.05"
1472,"0.02","0.05"
1473,"0.02","0.05"
1474,"0.03","0.06"
1475,"0.02","0.05"
1476,"0.02","0.04"
1477,"0.01","0.04"
1478,"0.01","0.03"
1479,"0.01","0.03"
1480,"0.01","0.04"
1481,"0.02","0.04"
1482,"0.02","0.05"
1483,"0.03","0.06"
1484,"0.04","0.07"
1485,"0.04","0.08"
1486,"0.05","0.09"
1487,"0.05","0.09"
1488,"0.06","0.1"
1489,"0.06","0.1"
1490,"0.06","0.1"
1491,"0.06","0.1"
1492,"0.07","0.11"
1493,"0.07","0.12"
1494,"0.08","0.12"
1495,"0.08","0.12"
1496,"0.07","0.12"
1497,"0.07","0.11"
1498,"0.07","0.11"
1499,"0.06","0.1"
1500,"0.05","0.09"
1501,"0.04","0.08"
1502,"0.04","0.07"
1503,"0.03","0.06"
1504,"0.03","0.07"
1505,"0.03","0.06"
1506,"0.03","0.06"
1507,"0.03","0.06"
1508,"0.03","0.06"
1509,"0.02","0.05"
1510,"0.02","0.05"
1511,"0.02","0.05"
1512,"0.02","0.05"
1513,"0.01","0.03"
1514,"0.01","0.04"
1515,"0.01","0.04"
1516,"0.01","0.03"
1517,"0.01","0.03"
1518,"0.01","0.04"
1519,"0.02","0.04"
1520,"0.02","0.05"
1521,"0.02","0.05"
1522,"0.02","0.05"
1523,"0.02","0.05"
1524,"0.02","0.05"
1525,"0.02","0.05"
1526,"0.03","0.06"
1527,"0.03","0.06"
1528,"0.03","0.06"
1529,"0.03","0.06"
1530,"0.03","0.06"
1531,"0.03","0.06"
1532,"0.03","0.06"
1533,"0.03","0.06"
1534,"0.03","0.06"
1535,"0.03","0.05"
1536,"0.03","0.06"
1537,"0.03","0.06"
1538,"0.03","0.06"
1539,"0.03","0.06"
1540,"0.03","0.06"
1541,"0.03","0.05"
1542,"0.02","0.05"
1543,"0.03","0.05"
1544,"0.03","0.05"
1545,"0.02","0.05"
1546,"0.02","0.05"
1547,"0.02","0.05"
1548,"0.02","0.05"
1549,"0.02","0.05"
1550,"0.03","0.05"
1551,"0.03","0.06"
1552,"0.03","0.06"
1553,"0.03","0.06"
1554,"0.03","0.06"
1555,"0.03","0.06"
1556,"0.03","0.06"
1557,"0.02","0.05"
1558,"0.02","0.05"
1559,"0.02","0.05"
1560,"0.02","0.04"
1561,"0.01","0.04"
1562,"0.01","0.03"
1563,"0.01","0.03"
1564,"0.01","0.03"
1565,"0.01","0.03"
1566,"0.01","0.03"
1567,"0.01","0.03"
1568,"0.01","0.03"
1569,"0.01","0.03"
1570,"0.01","0.03"
1571,"0.01","0.03"
1572,"0.01","0.04"
1573,"0.02","0.05"
1574,"0.03","0.05"
1575,"0.02","0.05"
1576,"0.03","0.06"
1577,"0.03","0.06"
1578,"0.03","0.06"
1579,"0.03","0.06"
1580,"0.03","0.06"
1581,"0.03","0.06"
1582,"0.03","0.06"
1583,"0.03","0.06"
1584,"0.03","0.06"
1585,"0.03","0.06"
1586,"0.03","0.06"
1587,"0.03","0.05"
1588,"0.02","0.05"
1589,"0.02","0.04"
1590,"0.01","0.04"
1591,"0.01","0.03"
1592,"0.01","0.03"
1593,"0.01","0.03"
1594,"0.01","0.03"
1595,"0.01","0.03"
1596,"0.01","0.03"
1597,"0.01","0.04"
1598,"0.01","0.03"
1599,"0.01","0.03"
1600,"0.01","0.03"
1601,"0.01","0.04"
1602,"0.01","0.04"
1603,"0.02","0.04"
1604,"0.02","0.04"
1605,"0.02","0.04"
1606,"0.01","0.04"
1607,"0.01","0.04"
1608,"0.01","0.04"
1609,"0.01","0.04"
1610,"0.01","0.03"
1611,"0.01","0.03"
1612,"0.01","0.03"
1613,"0.01","0.03"
1614,"0.01","0.03"
1615,"0.01","0.04"
1616,"0.01","0.04"
1617,"0.01","0.04"
1618,"0.01","0.03"
1619,"0.01","0.03"
1620,"0.01","0.04"
1621,"0.01","0.04"
1622,"0.02","0.04"
1623,"0.02","0.04"
1624,"0.02","0.04"
1625,"0.02","0.04"
1626,"0.02","0.05"
1627,"0.02","0.05"
1628,"0.02","0.04"
1629,"0.02","0.04"
1630,"0.01","0.04"
1631,"0.01","0.04"
1632,"0.02","0.04"
1633,"0.02","0.05"
1634,"0.02","0.05"
1635,"0.02","0.04"
1636,"0.09","0.13"
1637,"0.16","0.21"
1638,"0.16","0.21"
1639,"0.17","0.22"
1640,"0.17","0.22"
1641,"0.17","0.22"
1642,"0.16","0.21"
1643,"0.16","0.21"
1644,"0.17","0.22"
1645,"0.17","0.22"
1646,"0.16","0.21"
1647,"0.03","0.06"
1648,"0.02","0.04"
1649,"0.02","0.04"
1650,"0.02","0.04"
1651,"0.01","0.04"
1652,"0.01","0.04"
1653,"0.01","0.04"
1654,"0.01","0.04"
1655,"0.01","0.03"
1656,"0.01","0.03"
1657,"0.01","0.03"
1658,"0.01","0.04"
1659,"0.01","0.03"
1660,"0.01","0.04"
1661,"0.02","0.04"
1662,"0.02","0.04"
1663,"0.02","0.05"
1664,"0.02","0.05"
1665,"0.02","0.05"
1666,"0.02","0.05"
1667,"0.02","0.05"
1668,"0.02","0.05"
1669,"0.02","0.05"
1670,"0.02","0.05"
1671,"0.02","0.05"
1672,"0.02","0.05"
1673,"0.02","0.05"
1674,"0.02","0.04"
1675,"0.08","0.12"
1676,"0.07","0.12"
1677,"0.07","0.11"
1678,"0.07","0.11"
1679,"0.07","0.11"
1680,"0.06","0.1"
1681,"0.07","0.11"
1682,"0.07","0.11"
1683,"0.07","0.11"
1684,"0.01","0.02"
1685,"0.01","0.02"
1686,"0.01","0.03"
1687,"0.01","0.03"
1688,"0.01","0.03"
1689,"0.01","0.03"
1690,"0.01","0.03"
1691,"0.01","0.03"
1692,"0.01","0.04"
1693,"0.02","0.04"
1694,"0.02","0.04"
1695,"0.02","0.04"
1696,"0.02","0.05"
1697,"0.02","0.05"
1698,"0.02","0.05"
1699,"0.02","0.05"
1700,"0.02","0.05"
1701,"0.02","0.04"
1702,"0.02","0.04"
1703,"0.02","0.04"
1704,"0.02","0.04"
1705,"0.02","0.05"
1706,"0.02","0.05"
1707,"0.06","0.09"
1708,"0.06","0.09"
1709,"0.05","0.09"
1710,"0.05","0.09"
1711,"0.05","0.08"
1712,"0.05","0.08"
1713,"0.05","0.08"
1714,"0.05","0.08"
1715,"0.05","0.08"
1716,"0.05","0.08"
1717,"0.01","0.03"
1718,"0.01","0.03"
1719,"0.01","0.03"
1720,"0.01","0.03"
1721,"0.01","0.04"
1722,"0.02","0.04"
1723,"0.02","0.04"
1724,"0.02","0.05"
1725,"0.02","0.05"
1726,"0.02","0.05"
1727,"0.02","0.05"
1728,"0.02","0.05"
1729,"0.02","0.04"
1730,"0.02","0.04"
1731,"0.02","0.04"
1732,"0.02","0.05"
1733,"0.02","0.05"
1734,"0.02","0.04"
1735,"0.02","0.04"
1736,"0.01","0.03"
1737,"0.01","0.03"
1738,"0.01","0.03"
1739,"0.01","0.02"
1740,"0.0","0.02"
1741,"0.01","0.02"
1742,"0.0","0.02"
1743,"0.0","0.02"
1744,"0.0","0.02"
1745,"0.0","0.02"
1746,"0.0","0.02"
1747,"0.01","0.02"
1748,"0.02","0.05"
1749,"0.04","0.07"
1750,"0.05","0.09"
1751,"0.07","0.11"
1752,"0.09","0.14"
1753,"0.11","0.16"
1754,"0.12","0.18"
1755,"0.13","0.19"
1756,"0.15","0.2"
1757,"0.16","0.22"
1758,"0.16","0.22"
1759,"0.16","0.22"
1760,"0.16","0.22"
1761,"0.17","0.23"
1762,"0.18","0.24"
1763,"0.19","0.25"
1764,"0.17","0.24"
1765,"0.16","0.22"
1766,"0.14","0.2"
1767,"0.12","0.18"
1768,"0.11","0.16"
1769,"0.09","0.14"
1770,"0.07","0.12"
1771,"0.07","0.11"
1772,"0.06","0.1"
1773,"0.05","0.09"
1774,"0.05","0.08"
1775,"0.05","0.09"
1776,"0.05","0.09"
1777,"0.04","0.08"
1778,"0.04","0.07"
1779,"0.03","0.06"
1780,"0.03","0.06"
1781,"0.03","0.06"
1782,"0.03","0.06"
1783,"0.03","0.06"
1784,"0.03","0.06"
1785,"0.03","0.06"
1786,"0.03","0.06"
1787,"0.03","0.06"
1788,"0.03","0.05"
1789,"0.02","0.05"
1790,"0.03","0.05"
1791,"0.02","0.05"
1792,"0.02","0.05"
1793,"0.03","0.06"
1794,"0.03","0.06"
1795,"0.03","0.06"
1796,"0.03","0.06"
1797,"0.03","0.06"
1798,"0.03","0.07"
1799,"0.03","0.06"
1800,"0.03","0.06"
1801,"0.06","0.1"
1802,"0.06","0.1"
1803,"0.06","0.09"
1804,"0.06","0.09"
1805,"0.05","0.09"
1806,"0.05","0.08"
1807,"0.05","0.08"
1808,"0.05","0.08"
1809,"0.04","0.08"
1810,"0.04","0.08"
1811,"0.04","0.08"
1812,"0.04","0.08"
1813,"0.04","0.07"
1814,"0.04","0.07"
1815,"0.04","0.07"
1816,"0.01","0.04"
1817,"0.01","0.03"
1818,"0.01","0.04"
1819,"0.01","0.03"
1820,"0.01","0.03"
1821,"0.02","0.04"
1822,"0.02","0.04"
1823,"0.02","0.04"
1824,"0.02","0.04"
1825,"0.02","0.05"
1826,"0.03","0.05"
1827,"0.03","0.05"
1828,"0.03","0.05"
1829,"0.02","0.05"
1830,"0.03","0.05"
1831,"0.03","0.06"
1832,"0.03","0.06"
1833,"0.03","0.05"
1834,"0.03","0.05"
1835,"0.03","0.05"
1836,"0.02","0.05"
1837,"0.02","0.04"
1838,"0.02","0.04"
1839,"0.02","0.04"
1840,"0.01","0.04"
1841,"0.01","0.04"
1842,"0.01","0.02"
1843,"0.01","0.02"
1844,"0.01","0.03"
1845,"0.01","0.02"
1846,"0.01","0.03"
1847,"0.0","0.02"
1848,"0.0","0.02"
1849,"0.01","0.02"
1850,"0.01","0.03"
1851,"0.01","0.03"
1852,"0.01","0.04"
1853,"0.01","0.04"
1854,"0.02","0.04"
1855,"0.02","0.05"
1856,"0.03","0.06"
1857,"0.04","0.08"
1858,"0.05","0.08"
1859,"0.05","0.08"
1860,"0.05","0.09"
1861,"0.06","0.1"
1862,"0.07","0.11"
1863,"0.07","0.11"
1864,"0.07","0.11"
1865,"0.07","0.11"
1866,"0.07","0.11"
1867,"0.06","0.1"
1868,"0.06","0.1"
1869,"0.06","0.1"
1870,"0.06","0.1"
1871,"0.06","0.09"
1872,"0.05","0.09"
1873,"0.05","0.08"
1874,"0.04","0.07"
1875,"0.03","0.06"
1876,"0.03","0.06"
1877,"0.01","0.04"
1878,"0.01","0.04"
1879,"0.01","0.03"
1880,"0.01","0.03"
1881,"0.01","0.03"
1882,"0.01","0.03"
1883,"0.01","0.02"
1884,"0.01","0.03"
1885,"0.01","0.02"
1886,"0.01","0.03"
1887,"0.02","0.04"
1888,"0.02","0.05"
1889,"0.04","0.07"
1890,"0.05","0.09"
1891,"0.07","0.12"
1892,"0.09","0.13"
1893,"0.1","0.14"
1894,"0.1","0.15"
1895,"0.11","0.16"
1896,"0.12","0.18"
1897,"0.13","0.18"
1898,"0.13","0.19"
1899,"0.14","0.19"
1900,"0.14","0.19"
1901,"0.14","0.2"
1902,"0.14","0.19"
1903,"0.14","0.19"
1904,"0.13","0.19"
1905,"0.13","0.19"
1906,"0.12","0.18"
1907,"0.11","0.16"
1908,"0.09","0.14"
1909,"0.08","0.13"
1910,"0.07","0.11"
1911,"0.06","0.1"
1912,"0.06","0.1"
1913,"0.06","0.1"
1914,"0.06","0.1"
1915,"0.06","0.1"
1916,"0.06","0.09"
1917,"0.05","0.09"
1918,"0.05","0.09"
1919,"0.05","0.08"
1920,"0.05","0.08"
1921,"0.04","0.07"
1922,"0.04","0.07"
1923,"0.04","0.07"
1924,"0.04","0.07"
1925,"0.04","0.07"
1926,"0.04","0.07"
1927,"0.03","0.06"
1928,"0.03","0.07"
1929,"0.03","0.06"
1930,"0.03","0.06"
1931,"0.03","0.07"
1932,"0.04","0.07"
1933,"0.04","0.08"
1934,"0.04","0.08"
1935,"0.04","0.08"
1936,"0.04","0.08"
1937,"0.05","0.08"
1938,"0.05","0.09"
1939,"0.05","0.09"
1940,"0.05","0.09"
1941,"0.05","0.09"
1942,"0.05","0.09"
1943,"0.05","0.09"
1944,"0.04","0.08"
1945,"0.04","0.07"
1946,"0.04","0.07"
1947,"0.03","0.06"
1948,"0.02","0.05"
1949,"0.02","0.05"
1950,"0.02","0.05"
1951,"0.02","0.05"
1952,"0.02","0.04"
1953,"0.02","0.04"
1954,"0.02","0.04"
1955,"0.01","0.04"
1956,"0.02","0.04"
1957,"0.02","0.04"
1958,"0.02","0.04"
1959,"0.02","0.05"
1960,"0.02","0.05"
1961,"0.03","0.06"
1962,"0.04","0.07"
1963,"0.04","0.07"
1964,"0.04","0.07"
1965,"0.04","0.07"
1966,"0.04","0.07"
1967,"0.04","0.08"
1968,"0.04","0.08"
1969,"0.04","0.08"
1970,"0.04","0.08"
1971,"0.04","0.08"
1972,"0.04","0.08"
1973,"0.04","0.07"
1974,"0.04","0.07"
1975,"0.04","0.07"
1976,"0.03","0.06"
1977,"0.03","0.06"
1978,"0.03","0.05"
1979,"0.03","0.06"
1980,"0.02","0.05"
1981,"0.02","0.05"
1982,"0.02","0.05"
1983,"0.02","0.05"
1984,"0.02","0.04"
1985,"0.02","0.04"
1986,"0.02","0.04"
1987,"0.02","0.05"
1988,"0.02","0.05"
1989,"0.02","0.05"
1990,"0.02","0.05"
1991,"0.03","0.06"
1992,"0.03","0.07"
1993,"0.04","0.08"
1994,"0.04","0.08"
1995,"0.05","0.08"
1996,"0.05","0.08"
1997,"0.05","0.09"
1998,"0.05","0.08"
1999,"0.05","0.09"
2000,"0.04","0.08"
2001,"0.04","0.08"
2002,"0.04","0.07"
2003,"0.04","0.07"
2004,"0.04","0.07"
2005,"0.03","0.07"
2006,"0.03","0.06"
2007,"0.03","0.05"
2008,"0.02","0.04"
2009,"0.01","0.03"
2010,"0.01","0.03"
2011,"0.01","0.04"
2012,"0.02","0.04"
2013,"0.02","0.04"
2014,"0.02","0.05"
2015,"0.03","0.06"
2016,"0.03","0.06"
2017,"0.03","0.06"
2018,"0.04","0.08"
2019,"0.05","0.08"
2020,"0.05","0.09"
2021,"0.05","0.09"
2022,"0.05","0.09"
2023,"0.05","0.09"
2024,"0.06","0.1"
2025,"0.05","0.09"
2026,"0.05","0.09"
2027,"0.05","0.09"
2028,"0.05","0.09"
2029,"0.05","0.09"
2030,"0.05","0.08"
2031,"0.04","0.08"
2032,"0.04","0.07"
2033,"0.03","0.07"
2034,"0.03","0.06"
2035,"0.03","0.06"
2036,"0.03","0.05"
2037,"0.02","0.05"
2038,"0.02","0.05"
2039,"0.02","0.05"
2040,"0.02","0.05"
2041,"0.02","0.04"
2042,"0.02","0.05"
2043,"0.02","0.04"
2044,"0.02","0.04"
2045,"0.02","0.04"
2046,"0.02","0.05"
2047,"0.02","0.05"
2048,"0.03","0.06"
2049,"0.03","0.06"
2050,"0.04","0.07"
2051,"0.04","0.07"
2052,"0.04","0.08"
2053,"0.04","0.08"
2054,"0.04","0.08"
2055,"0.04","0.08"
2056,"0.04","0.08"
2057,"0.04","0.08"
2058,"0.04","0.07"
2059,"0.04","0.07"
2060,"0.04","0.07"
2061,"0.03","0.06"
2062,"0.03","0.06"
2063,"0.02","0.05"
2064,"0.02","0.05"
2065,"0.02","0.04"
2066,"0.01","0.03"
2067,"0.01","0.03"
2068,"0.01","0.03"
2069,"0.01","0.03"
2070,"0.01","0.03"
2071,"0.01","0.03"
2072,"0.01","0.03"
2073,"0.01","0.03"
2074,"0.01","0.04"
2075,"0.01","0.03"
2076,"0.01","0.04"
2077,"0.01","0.04"
2078,"0.01","0.04"
2079,"0.01","0.04"
2080,"0.01","0.04"
2081,"0.02","0.04"
2082,"0.02","0.04"
2083,"0.01","0.04"
2084,"0.01","0.04"
2085,"0.01","0.03"
2086,"0.01","0.03"
2087,"0.01","0.03"
2088,"0.01","0.04"
2089,"0.01","0.04"
2090,"0.01","0.04"
2091,"0.01","0.04"
2092,"0.02","0.04"
2093,"0.02","0.05"
2094,"0.02","0.05"
2095,"0.02","0.05"
2096,"0.02","0.05"
2097,"0.02","0.05"
2098,"0.03","0.05"
2099,"0.03","0.06"
2100,"0.03","0.06"
2101,"0.03","0.07"
2102,"0.04","0.07"
2103,"0.03","0.06"
2104,"0.03","0.06"
2105,"0.03","0.06"
2106,"0.03","0.06"
2107,"0.02","0.05"
2108,"0.02","0.04"
2109,"0.02","0.05"
2110,"0.02","0.05"
2111,"0.02","0.05"
2112,"0.02","0.05"
2113,"0.02","0.05"
2114,"0.02","0.05"
2115,"0.02","0.04"
2116,"0.01","0.03"
2117,"0.01","0.03"
2118,"0.01","0.02"
2119,"0.01","0.03"
2120,"0.01","0.03"
2121,"0.01","0.03"
2122,"0.01","0.03"
2123,"0.01","0.03"
2124,"0.01","0.03"
2125,"0.01","0.04"
2126,"0.02","0.04"
2127,"0.01","0.04"
2128,"0.02","0.05"
2129,"0.02","0.05"
2130,"0.03","0.06"
2131,"0.03","0.06"
2132,"0.03","0.07"
2133,"0.04","0.08"
2134,"0.04","0.07"
2135,"0.04","0.07"
2136,"0.04","0.08"
2137,"0.04","0.08"
2138,"0.04","0.08"
2139,"0.05","0.09"
2140,"0.04","0.08"
2141,"0.04","0.08"
2142,"0.04","0.08"
2143,"0.04","0.08"
2144,"0.04","0.07"
2145,"0.04","0.08"
2146,"0.03","0.07"
2147,"0.03","0.06"
2148,"0.03","0.05"
2149,"0.02","0.05"
2150,"0.02","0.05"
2151,"0.02","0.05"
2152,"0.02","0.04"
2153,"0.02","0.04"
2154,"0.01","0.04"
2155,"0.01","0.03"
2156,"0.01","0.03"
2157,"0.01","0.02"
2158,"0.01","0.03"
2159,"0.01","0.02"
2160,"0.01","0.02"
2161,"0.01","0.02"
2162,"0.01","0.02"
2163,"0.01","0.03"
2164,"0.01","0.03"
2165,"0.01","0.03"
2166,"0.01","0.02"
2167,"0.02","0.04"
2168,"0.02","0.05"
2169,"0.02","0.05"
2170,"0.02","0.05"
2171,"0.02","0.05"
2172,"0.02","0.05"
2173,"0.02","0.04"
2174,"0.02","0.04"
2175,"0.02","0.04"
2176,"0.01","0.03"
2177,"0.0","0.02"
2178,"0.0","0.01"
2179,"0.0","0.01"
2180,"0.0","0.02"
2181,"0.01","0.03"
2182,"0.01","0.03"
2183,"0.01","0.03"
2184,"0.01","0.03"
2185,"0.01","0.03"
2186,"0.01","0.03"
2187,"0.01","0.03"
2188,"0.01","0.04"
2189,"0.01","0.04"
2190,"0.02","0.04"
2191,"0.02","0.04"
2192,"0.03","0.06"
2193,"0.03","0.06"
2194,"0.04","0.07"
2195,"0.04","0.07"
2196,"0.04","0.07"
2197,"0.03","0.06"
2198,"0.03","0.06"
2199,"0.03","0.06"
2200,"0.03","0.06"
2201,"0.02","0.04"
2202,"0.01","0.04"
2203,"0.01","0.03"
2204,"0.01","0.03"
2205,"0.01","0.02"
2206,"0.01","0.02"
2207,"0.01","0.02"
2208,"0.01","0.02"
2209,"0.0","0.02"
2210,"0.02","0.05"
2211,"0.02","0.05"
2212,"0.03","0.06"
2213,"0.03","0.05"
2214,"0.03","0.05"
2215,"0.03","0.05"
2216,"0.03","0.05"
2217,"0.03","0.05"
2218,"0.02","0.05"
2219,"0.01","0.03"
2220,"0.01","0.03"
2221,"0.01","0.03"
2222,"0.01","0.03"
2223,"0.01","0.03"
2224,"0.01","0.03"
2225,"0.05","0.08"
2226,"0.04","0.08"
2227,"0.04","0.08"
2228,"0.04","0.07"
2229,"0.04","0.07"
2230,"0.09","0.13"
2231,"0.09","0.13"
2232,"0.09","0.13"
2233,"0.09","0.13"
2234,"0.08","0.13"
2235,"0.05","0.09"
2236,"0.05","0.09"
2237,"0.05","0.09"
2238,"0.05","0.09"
2239,"0.0","0.01"
2240,"0.0","0.01"
2241,"0.0","0.02"
2242,"0.01","0.03"
2243,"0.01","0.03"
2244,"0.01","0.03"
2245,"0.01","0.03"
2246,"0.01","0.03"
2247,"0.01","0.03"
2248,"0.01","0.03"
2249,"0.01","0.03"
2250,"0.01","0.03"
2251,"0.01","0.03"
2252,"0.01","0.03"
2253,"0.01","0.03"
2254,"0.01","0.03"
2255,"0.01","0.03"
2256,"0.01","0.03"
2257,"0.01","0.03"
2258,"0.01","0.03"
2259,"0.01","0.03"
2260,"0.02","0.04"
2261,"0.02","0.05"
2262,"0.04","0.07"
2263,"0.04","0.08"
2264,"0.05","0.09"
2265,"0.06","0.1"
2266,"0.06","0.1"
2267,"0.06","0.1"
2268,"0.07","0.11"
2269,"0.07","0.12"
2270,"0.08","0.12"
2271,"0.08","0.12"
2272,"0.08","0.12"
2273,"0.08","0.13"
2274,"0.08","0.13"
2275,"0.08","0.13"
2276,"0.07","0.12"
2277,"0.06","0.1"
2278,"0.05","0.09"
2279,"0.03","0.07"
2280,"0.02","0.05"
2281,"0.02","0.05"
2282,"0.01","0.04"
2283,"0.01","0.03"
2284,"0.01","0.03"
2285,"0.01","0.02"
2286,"0.01","0.02"
2287,"0.01","0.02"
2288,"0.01","0.03"
2289,"0.01","0.03"
2290,"0.01","0.02"
2291,"0.01","0.03"
2292,"0.01","0.03"
2293,"0.01","0.03"
2294,"0.01","0.03"
2295,"0.01","0.03"
2296,"0.01","0.03"
2297,"0.01","0.04"
2298,"0.02","0.04"
2299,"0.02","0.04"
2300,"0.02","0.04"
2301,"0.02","0.04"
2302,"0.02","0.04"
2303,"0.02","0.04"
2304,"0.02","0.04"
2305,"0.02","0.04"
2306,"0.02","0.04"
2307,"0.01","0.04"
2308,"0.01","0.03"
2309,"0.01","0.04"
2310,"0.01","0.03"
2311,"0.01","0.03"
2312,"0.01","0.03"
2313,"0.01","0.03"
2314,"0.02","0.04"
2315,"0.01","0.03"
2316,"0.01","0.03"
2317,"0.01","0.03"
2318,"0.01","0.04"
2319,"0.01","0.03"
2320,"0.01","0.04"
2321,"0.02","0.04"
2322,"0.02","0.04"
2323,"0.02","0.04"
2324,"0.02","0.04"
2325,"0.02","0.04"
2326,"0.02","0.04"
2327,"0.02","0.04"
2328,"0.02","0.04"
2329,"0.01","0.04"
2330,"0.02","0.05"
2331,"0.02","0.05"
2332,"0.04","0.07"
2333,"0.04","0.07"
2334,"0.04","0.07"
2335,"0.03","0.06"
2336,"0.03","0.06"
2337,"0.03","0.06"
2338,"0.03","0.06"
2339,"0.03","0.06"
2340,"0.03","0.06"
2341,"0.0","0.02"
2342,"0.0","0.02"
2343,"0.0","0.02"
2344,"0.0","0.02"
2345,"0.0","0.02"
2346,"0.0","0.02"
2347,"0.0","0.02"
2348,"0.01","0.02"
2349,"0.01","0.03"
2350,"0.01","0.03"
2351,"0.01","0.03"
2352,"0.01","0.03"
2353,"0.01","0.03"
2354,"0.01","0.03"
2355,"0.01","0.03"
2356,"0.01","0.03"
2357,"0.01","0.03"
2358,"0.01","0.03"
2359,"0.01","0.03"
2360,"0.01","0.03"
2361,"0.01","0.03"
2362,"0.01","0.03"
2363,"0.02","0.04"
2364,"0.02","0.04"
2365,"0.02","0.04"
2366,"0.02","0.04"
2367,"0.01","0.04"
2368,"0.01","0.04"
2369,"0.01","0.04"
2370,"0.02","0.04"
2371,"0.02","0.04"
2372,"0.01","0.03"
2373,"0.01","0.03"
2374,"0.01","0.03"
2375,"0.01","0.03"
2376,"0.01","0.03"
2377,"0.01","0.03"
2378,"0.01","0.03"
2379,"0.01","0.03"
2380,"0.01","0.03"
2381,"0.01","0.03"
2382,"0.01","0.03"
2383,"0.01","0.03"
2384,"0.02","0.04"
2385,"0.01","0.04"
2386,"0.01","0.04"
2387,"0.01","0.03"
2388,"0.01","0.03"
2389,"0.01","0.03"
2390,"0.01","0.04"
2391,"0.01","0.04"
2392,"0.02","0.04"
2393,"0.01","0.02"
2394,"0.01","0.02"
2395,"0.0","0.02"
2396,"0.01","0.02"
2397,"0.01","0.02"
2398,"0.0","0.02"
2399,"0.0","0.02"
2400,"0.0","0.02"
2401,"0.0","0.02"
2402,"0.0","0.02"
2403,"0.0","0.02"
2404,"0.0","0.02"
2405,"0.0","0.02"
2406,"0.01","0.02"
2407,"0.0","0.02"
2408,"0.01","0.02"
2409,"0.01","0.02"
2410,"0.01","0.02"
2411,"0.01","0.02"
2412,"0.01","0.02"
2413,"0.01","0.02"
2414,"0.0","0.02"
2415,"0.0","0.02"
2416,"0.0","0.02"
2417,"0.0","0.02"
2418,"0.0","0.02"
2419,"0.0","0.02"
2420,"0.01","0.02"
2421,"0.0","0.02"
2422,"0.01","0.02"
2423,"0.0","0.02"
2424,"0.0","0.02"
2425,"0.0","0.02"
2426,"0.0","0.02"
2427,"0.0","0.02"
2428,"0.0","0.02"
2429,"0.0","0.02"
2430,"0.0","0.02"
2431,"0.0","0.02"
2432,"0.0","0.02"
2433,"0.0","0.01"
2434,"0.0","0.01"
2435,"0.0","0.01"
2436,"0.0","0.02"
2437,"0.0","0.01"
2438,"0.0","0.01"
2439,"0.0","0.01"
2440,"0.0","0.01"
2441,"0.0","0.02"
2442,"0.0","0.02"
2443,"0.0","0.02"
2444,"0.01","0.02"
2445,"0.01","0.02"
2446,"0.0","0.02"
2447,"0.0","0.02"
2448,"0.0","0.02"
2449,"0.0","0.02"
2450,"0.0","0.02"
2451,"0.0","0.02"
2452,"0.0","0.02"
2453,"0.0","0.02"
2454,"0.01","0.03"
2455,"0.01","0.03"
2456,"0.01","0.03"
2457,"0.01","0.02"
2458,"0.01","0.02"
2459,"0.0","0.02"
2460,"0.0","0.02"
2461,"0.0","0.02"
2462,"0.01","0.02"
2463,"0.01","0.02"
2464,"0.01","0.02"
2465,"0.01","0.02"
2466,"0.0","0.02"
2467,"0.0","0.02"
2468,"0.01","0.03"
2469,"0.01","0.03"
2470,"0.01","0.03"
2471,"0.01","0.03"
2472,"0.01","0.03"
2473,"0.01","0.03"
2474,"0.01","0.03"
2475,"0.01","0.03"
2476,"0.01","0.03"
2477,"0.01","0.03"
2478,"0.01","0.03"
2479,"0.01","0.03"
2480,"0.02","0.04"
2481,"0.02","0.04"
2482,"0.02","0.05"
2483,"0.02","0.05"
2484,"0.02","0.05"
2485,"0.02","0.04"
2486,"0.02","0.04"
2487,"0.01","0.04"
2488,"0.02","0.04"
2489,"0.02","0.04"
2490,"0.02","0.04"
2491,"0.02","0.04"
2492,"0.02","0.04"
2493,"0.01","0.04"
2494,"0.01","0.04"
2495,"0.01","0.03"
2496,"0.01","0.03"
2497,"0.01","0.03"
2498,"0.01","0.03"
2499,"0.01","0.03"
2500,"0.01","0.03"
2501,"0.01","0.03"
2502,"0.01","0.03"
2503,"0.01","0.03"
2504,"0.01","0.04"
2505,"0.01","0.03"
2506,"0.01","0.03"
2507,"0.01","0.02"
2508,"0.01","0.02"
2509,"0.01","0.02"
2510,"0.01","0.02"
2511,"0.01","0.02"
2512,"0.01","0.03"
2513,"0.01","0.03"
2514,"0.01","0.03"
2515,"0.01","0.03"
2516,"0.01","0.03"
2517,"0.01","0.03"
2518,"0.01","0.03"
2519,"0.01","0.03"
2520,"0.01","0.03"
2521,"0.01","0.03"
2522,"0.01","0.03"
2523,"0.01","0.03"
2524,"0.01","0.03"
2525,"0.01","0.03"
2526,"0.01","0.03"
2527,"0.01","0.03"
2528,"0.01","0.04"
2529,"0.01","0.03"
2530,"0.01","0.03"
2531,"0.01","0.03"
2532,"0.01","0.03"
2533,"0.01","0.03"
2534,"0.01","0.03"
2535,"0.01","0.03"
2536,"0.01","0.04"
2537,"0.01","0.04"
2538,"0.02","0.04"
2539,"0.02","0.04"
2540,"0.02","0.04"
2541,"0.02","0.05"
2542,"0.02","0.05"
2543,"0.02","0.05"
2544,"0.02","0.05"
2545,"0.02","0.04"
2546,"0.02","0.04"
2547,"0.02","0.04"
2548,"0.02","0.04"
2549,"0.02","0.05"
2550,"0.02","0.05"
2551,"0.02","0.05"
2552,"0.02","0.05"
2553,"0.02","0.05"
2554,"0.02","0.05"
2555,"0.02","0.04"
2556,"0.02","0.04"
2557,"0.02","0.04"
2558,"0.02","0.04"
2559,"0.01","0.04"
2560,"0.02","0.04"
2561,"0.01","0.04"
2562,"0.01","0.04"
2563,"0.02","0.05"
2564,"0.02","0.04"
2565,"0.02","0.04"
2566,"0.02","0.04"
2567,"0.01","0.04"
2568,"0.02","0.04"
2569,"0.02","0.04"
2570,"0.02","0.04"
2571,"0.02","0.05"
2572,"0.03","0.06"
2573,"0.02","0.04"
2574,"0.02","0.05"
2575,"0.02","0.04"
2576,"0.02","0.05"
2577,"0.02","0.05"
2578,"0.02","0.05"
2579,"0.02","0.05"
2580,"0.02","0.05"
2581,"0.02","0.05"
2582,"0.03","0.06"
2583,"0.02","0.05"
2584,"0.03","0.06"
2585,"0.03","0.06"
2586,"0.03","0.06"
2587,"0.02","0.04"
2588,"0.02","0.05"
2589,"0.02","0.05"
2590,"0.02","0.05"
2591,"0.02","0.05"
2592,"0.02","0.05"
2593,"0.02","0.05"
2594,"0.02","0.05"
2595,"0.02","0.05"
2596,"0.02","0.05"
2597,"0.02","0.05"
2598,"0.02","0.05"
2599,"0.02","0.05"
2600,"0.03","0.06"
2601,"0.03","0.06"
2602,"0.03","0.06"
2603,"0.03","0.06"
2604,"0.03","0.06"
2605,"0.03","0.06"
2606,"0.03","0.05"
2607,"0.03","0.06"
2608,"0.03","0.06"
2609,"0.02","0.04"
2610,"0.02","0.04"
2611,"0.01","0.03"
2612,"0.01","0.03"
2613,"0.01","0.03"
2614,"0.01","0.03"
2615,"0.01","0.03"
2616,"0.01","0.03"
2617,"0.01","0.04"
2618,"0.02","0.05"
2619,"0.02","0.05"
2620,"0.02","0.05"
2621,"0.02","0.05"
2622,"0.03","0.05"
2623,"0.02","0.05"
2624,"0.02","0.05"
2625,"0.02","0.05"
2626,"0.02","0.05"
2627,"0.02","0.04"
2628,"0.02","0.04"
2629,"0.02","0.04"
2630,"0.02","0.04"
2631,"0.02","0.04"
2632,"0.02","0.04"
2633,"0.02","0.04"
2634,"0.01","0.04"
2635,"0.01","0.03"
2636,"0.01","0.03"
2637,"0.01","0.03"
2638,"0.01","0.03"
2639,"0.01","0.03"
2640,"0.01","0.03"
2641,"0.01","0.03"
2642,"0.01","0.03"
2643,"0.01","0.03"
2644,"0.01","0.03"
2645,"0.01","0.03"
2646,"0.01","0.03"
2647,"0.01","0.03"
2648,"0.01","0.03"
2649,"0.01","0.03"
2650,"0.01","0.03"
2651,"0.01","0.03"
2652,"0.01","0.03"
2653,"0.01","0.03"
2654,"0.01","0.03"
2655,"0.01","0.03"
2656,"0.01","0.03"
2657,"0.01","0.03"
2658,"0.01","0.03"
2659,"0.01","0.03"
2660,"0.01","0.03"
2661,"0.01","0.03"
2662,"0.01","0.03"
2663,"0.01","0.03"
2664,"0.02","0.04"
2665,"0.02","0.04"
2666,"0.01","0.04"
2667,"0.01","0.04"
2668,"0.02","0.05"
2669,"0.02","0.05"
2670,"0.02","0.05"
2671,"0.02","0.05"
2672,"0.02","0.05"
2673,"0.02","0.05"
2674,"0.02","0.05"
2675,"0.03","0.06"
2676,"0.03","0.06"
2677,"0.03","0.06"
2678,"0.02","0.05"
2679,"0.02","0.05"
2680,"0.02","0.05"
2681,"0.02","0.05"
2682,"0.02","0.05"
2683,"0.02","0.04"
2684,"0.02","0.05"
2685,"0.02","0.05"
2686,"0.02","0.05"
2687,"0.02","0.05"
2688,"0.02","0.05"
2689,"0.02","0.05"
2690,"0.02","0.05"
2691,"0.02","0.05"
2692,"0.02","0.04"
2693,"0.01","0.04"
2694,"0.01","0.04"
2695,"0.01","0.03"
2696,"0.01","0.03"
2697,"0.01","0.03"
2698,"0.01","0.03"
2699,"0.01","0.03"
2700,"0.01","0.03"
2701,"0.01","0.03"
2702,"0.01","0.03"
2703,"0.01","0.03"
2704,"0.01","0.03"
2705,"0.01","0.03"
2706,"0.01","0.03"
2707,"0.01","0.03"
2708,"0.01","0.03"
2709,"0.01","0.03"
2710,"0.01","0.03"
2711,"0.01","0.03"
2712,"0.01","0.03"
2713,"0.01","0.03"
2714,"0.01","0.03"
2715,"0.01","0.03"
2716,"0.01","0.03"
2717,"0.01","0.03"
2718,"0.01","0.03"
2719,"0.01","0.03"
2720,"0.01","0.03"
2721,"0.01","0.03"
2722,"0.01","0.03"
2723,"0.01","0.03"
2724,"0.01","0.03"
2725,"0.01","0.03"
2726,"0.01","0.03"
2727,"0.01","0.03"
2728,"0.01","0.03"
2729,"0.01","0.04"
2730,"0.01","0.04"
2731,"0.02","0.04"
2732,"0.02","0.04"
2733,"0.02","0.04"
2734,"0.02","0.04"
2735,"0.01","0.04"
2736,"0.01","0.03"
2737,"0.01","0.03"
2738,"0.01","0.03"
2739,"0.01","0.04"
2740,"0.01","0.04"
2741,"0.02","0.04"
2742,"0.02","0.04"
2743,"0.02","0.04"
2744,"0.01","0.04"
2745,"0.01","0.04"
2746,"0.01","0.03"
2747,"0.01","0.03"
2748,"0.01","0.03"
2749,"0.01","0.03"
2750,"0.01","0.03"
2751,"0.01","0.03"
2752,"0.01","0.04"
2753,"0.01","0.04"
2754,"0.01","0.04"
2755,"0.01","0.03"
2756,"0.01","0.03"
2757,"0.01","0.03"
2758,"0.01","0.03"
2759,"0.01","0.03"
2760,"0.01","0.03"
2761,"0.01","0.03"
2762,"0.01","0.02"
2763,"0.01","0.02"
2764,"0.01","0.02"
2765,"0.0","0.02"
2766,"0.0","0.02"
2767,"0.0","0.02"
2768,"0.0","0.02"
2769,"0.0","0.01"
2770,"0.0","0.01"
2771,"0.0","0.02"
2772,"0.0","0.02"
2773,"0.0","0.02"
2774,"0.0","0.02"
2775,"0.0","0.02"
2776,"0.0","0.02"
2777,"0.0","0.02"
2778,"0.0","0.02"
2779,"0.0","0.02"
2780,"0.0","0.02"
2781,"0.01","0.02"
2782,"0.01","0.03"
2783,"0.01","0.03"
2784,"0.01","0.03"
2785,"0.01","0.03"
2786,"0.01","0.03"
2787,"0.01","0.03"
2788,"0.02","0.04"
2789,"0.01","0.04"
2790,"0.01","0.04"
2791,"0.01","0.03"
2792,"0.02","0.04"
2793,"0.02","0.04"
2794,"0.02","0.04"
2795,"0.02","0.04"
2796,"0.02","0.04"
2797,"0.01","0.04"
2798,"0.02","0.04"
2799,"0.02","0.04"
2800,"0.02","0.04"
2801,"0.02","0.05"
2802,"0.02","0.05"
2803,"0.02","0.05"
2804,"0.03","0.06"
2805,"0.03","0.06"
2806,"0.03","0.06"
2807,"0.03","0.05"
2808,"0.02","0.05"
2809,"0.02","0.05"
2810,"0.02","0.05"
2811,"0.02","0.04"
2812,"0.02","0.04"
2813,"0.02","0.04"
2814,"0.01","0.04"
2815,"0.01","0.04"
2816,"0.01","0.03"
2817,"0.01","0.04"
2818,"0.01","0.04"
2819,"0.01","0.03"
2820,"0.01","0.03"
2821,"0.01","0.03"
2822,"0.01","0.03"
2823,"0.01","0.03"
2824,"0.01","0.03"
2825,"0.01","0.04"
2826,"0.01","0.04"
2827,"0.01","0.03"
2828,"0.01","0.04"
2829,"0.01","0.04"
2830,"0.01","0.04"
2831,"0.01","0.03"
2832,"0.01","0.03"
2833,"0.01","0.03"
2834,"0.01","0.03"
2835,"0.01","0.03"
2836,"0.01","0.04"
2837,"0.01","0.03"
2838,"0.01","0.03"
2839,"0.01","0.03"
2840,"0.01","0.03"
2841,"0.01","0.03"
2842,"0.01","0.03"
2843,"0.01","0.03"
2844,"0.01","0.04"
2845,"0.02","0.04"
2846,"0.01","0.04"
2847,"0.01","0.04"
2848,"0.01","0.03"
2849,"0.01","0.03"
2850,"0.01","0.03"
2851,"0.01","0.03"
2852,"0.01","0.03"
2853,"0.01","0.03"
2854,"0.01","0.03"
2855,"0.01","0.03"
2856,"0.01","0.03"
2857,"0.01","0.03"
2858,"0.01","0.03"
2859,"0.01","0.03"
2860,"0.01","0.03"
2861,"0.01","0.03"
2862,"0.01","0.03"
2863,"0.01","0.03"
2864,"0.01","0.03"
2865,"0.01","0.03"
2866,"0.01","0.03"
2867,"0.01","0.03"
2868,"0.01","0.03"
2869,"0.01","0.03"
2870,"0.01","0.03"
2871,"0.01","0.03"
2872,"0.01","0.03"
2873,"0.01","0.02"
2874,"0.01","0.02"
2875,"0.0","0.02"
2876,"0.0","0.02"
2877,"0.0","0.02"
2878,"0.0","0.02"
2879,"0.0","0.02"
2880,"0.0","0.02"
2881,"0.0","0.02"
2882,"0.01","0.02"
2883,"0.0","0.02"
2884,"0.02","0.05"
2885,"0.02","0.04"
2886,"0.02","0.04"
2887,"0.02","0.04"
2888,"0.02","0.04"
2889,"0.03","0.05"
2890,"0.03","0.05"
2891,"0.03","0.06"
2892,"0.03","0.06"
2893,"0.01","0.03"
2894,"0.01","0.04"
2895,"0.02","0.04"
2896,"0.02","0.04"
2897,"0.02","0.04"
2898,"0.02","0.04"
2899,"0.02","0.04"
2900,"0.02","0.04"
2901,"0.02","0.04"
2902,"0.02","0.05"
2903,"0.02","0.05"
2904,"0.02","0.05"
2905,"0.03","0.06"
2906,"0.02","0.05"
2907,"0.02","0.05"
2908,"0.02","0.05"
2909,"0.02","0.04"
2910,"0.02","0.04"
2911,"0.02","0.04"
2912,"0.01","0.04"
2913,"0.01","0.04"
2914,"0.01","0.03"
2915,"0.02","0.04"
2916,"0.02","0.05"
2917,"0.02","0.05"
2918,"0.03","0.05"
2919,"0.02","0.05"
2920,"0.02","0.05"
2921,"0.02","0.05"
2922,"0.02","0.05"
2923,"0.02","0.05"
2924,"0.03","0.06"
2925,"0.03","0.06"
2926,"0.03","0.06"
2927,"0.03","0.06"
2928,"0.03","0.06"
2929,"0.03","0.06"
2930,"0.03","0.06"
2931,"0.02","0.05"
2932,"0.01","0.04"
2933,"0.01","0.03"
2934,"0.01","0.03"
2935,"0.01","0.03"
2936,"0.01","0.03"
2937,"0.01","0.03"
2938,"0.01","0.04"
2939,"0.02","0.04"
2940,"0.03","0.06"
2941,"0.03","0.06"
2942,"0.04","0.07"
2943,"0.04","0.07"
2944,"0.04","0.08"
2945,"0.05","0.08"
2946,"0.05","0.08"
2947,"0.05","0.09"
2948,"0.06","0.1"
2949,"0.07","0.11"
2950,"0.07","0.11"
2951,"0.07","0.11"
2952,"0.06","0.1"
2953,"0.06","0.1"
2954,"0.06","0.1"
2955,"0.05","0.08"
2956,"0.04","0.07"
2957,"0.03","0.06"
2958,"0.02","0.04"
2959,"0.02","0.04"
2960,"0.02","0.04"
2961,"0.01","0.03"
2962,"0.01","0.03"
2963,"0.01","0.03"
2964,"0.01","0.03"
2965,"0.0","0.02"
2966,"0.0","0.02"
2967,"0.0","0.02"
2968,"0.01","0.03"
2969,"0.01","0.03"
2970,"0.01","0.04"
2971,"0.02","0.04"
2972,"0.02","0.05"
2973,"0.02","0.05"
2974,"0.03","0.06"
2975,"0.03","0.06"
2976,"0.03","0.07"
2977,"0.03","0.07"
2978,"0.04","0.07"
2979,"0.04","0.08"
2980,"0.04","0.08"
2981,"0.04","0.08"
2982,"0.05","0.08"
2983,"0.04","0.08"
2984,"0.04","0.08"
2985,"0.04","0.07"
2986,"0.03","0.07"
2987,"0.03","0.06"
2988,"0.03","0.06"
2989,"0.02","0.05"
2990,"0.02","0.05"
2991,"0.02","0.04"
2992,"0.01","0.04"
2993,"0.01","0.03"
2994,"0.01","0.03"
2995,"0.01","0.02"
2996,"0.01","0.03"
2997,"0.01","0.03"
2998,"0.01","0.03"
2999,"0.01","0.03"
3000,"0.01","0.04"
3001,"0.01","0.03"
3002,"0.01","0.03"
3003,"0.01","0.03"
3004,"0.01","0.04"
3005,"0.01","0.03"
3006,"0.01","0.03"
3007,"0.01","0.03"
3008,"0.01","0.03"
3009,"0.01","0.03"
3010,"0.02","0.04"
3011,"0.02","0.05"
3012,"0.03","0.06"
3013,"0.07","0.11"
3014,"0.08","0.12"
3015,"0.08","0.12"
3016,"0.09","0.13"
3017,"0.1","0.14"
3018,"0.1","0.15"
3019,"0.11","0.16"
3020,"0.12","0.17"
3021,"0.13","0.18"
3022,"0.09","0.14"
3023,"0.09","0.14"
3024,"0.09","0.14"
3025,"0.09","0.14"
3026,"0.09","0.13"
3027,"0.08","0.13"
3028,"0.08","0.12"
3029,"0.07","0.12"
3030,"0.07","0.11"
3031,"0.06","0.11"
3032,"0.06","0.1"
3033,"0.05","0.09"
3034,"0.04","0.08"
3035,"0.03","0.06"
3036,"0.02","0.05"
3037,"0.01","0.03"
3038,"0.01","0.04"
3039,"0.01","0.04"
3040,"0.01","0.04"
3041,"0.01","0.04"
3042,"0.01","0.04"
3043,"0.01","0.03"
3044,"0.01","0.03"
3045,"0.01","0.03"
3046,"0.01","0.02"
3047,"0.01","0.02"
3048,"0.0","0.02"
3049,"0.0","0.02"
3050,"0.01","0.02"
3051,"0.01","0.02"
3052,"0.01","0.02"
3053,"0.0","0.02"
3054,"0.01","0.02"
3055,"0.01","0.02"
3056,"0.0","0.02"
3057,"0.0","0.02"
3058,"0.0","0.02"
3059,"0.0","0.02"
3060,"0.01","0.03"
3061,"0.01","0.03"
3062,"0.01","0.03"
3063,"0.01","0.03"
3064,"0.01","0.03"
3065,"0.01","0.03"
3066,"0.01","0.03"
3067,"0.01","0.03"
3068,"0.01","0.02"
3069,"0.0","0.02"
3070,"0.0","0.02"
3071,"0.01","0.02"
3072,"0.01","0.02"
3073,"0.01","0.03"
3074,"0.01","0.02"
3075,"0.01","0.02"
3076,"0.01","0.02"
3077,"0.0","0.02"
3078,"0.01","0.02"
3079,"0.01","0.02"
3080,"0.01","0.02"
3081,"0.01","0.02"
3082,"0.01","0.02"
3083,"0.01","0.03"
3084,"0.01","0.03"
3085,"0.01","0.03"
3086,"0.01","0.03"
3087,"0.01","0.03"
3088,"0.01","0.02"
3089,"0.01","0.03"
3090,"0.01","0.03"
3091,"0.01","0.02"
3092,"0.0","0.02"
3093,"0.0","0.02"
3094,"0.0","0.02"
3095,"0.0","0.02"
3096,"0.0","0.01"
3097,"0.0","0.01"
3098,"0.0","0.01"
3099,"0.0","0.02"
3100,"0.01","0.03"
3101,"0.01","0.03"
3102,"0.01","0.03"
3103,"0.01","0.03"
3104,"0.01","0.03"
3105,"0.01","0.03"
3106,"0.01","0.03"
3107,"0.01","0.03"
3108,"0.01","0.03"
3109,"0.01","0.03"
3110,"0.01","0.03"
3111,"0.01","0.03"
3112,"0.01","0.03"
3113,"0.02","0.04"
3114,"0.02","0.04"
3115,"0.02","0.04"
3116,"0.02","0.04"
3117,"0.01","0.04"
3118,"0.01","0.04"
3119,"0.01","0.04"
3120,"0.02","0.04"
3121,"0.02","0.04"
3122,"0.02","0.04"
3123,"0.02","0.04"
3124,"0.02","0.04"
3125,"0.02","0.04"
3126,"0.02","0.04"
3127,"0.02","0.04"
3128,"0.02","0.04"
3129,"0.02","0.04"
3130,"0.02","0.04"
3131,"0.02","0.04"
3132,"0.02","0.04"
3133,"0.01","0.03"
3134,"0.01","0.03"
3135,"0.01","0.03"
3136,"0.01","0.03"
3137,"0.01","0.03"
3138,"0.01","0.03"
3139,"0.01","0.03"
3140,"0.01","0.03"
3141,"0.01","0.02"
3142,"0.01","0.03"
3143,"0.01","0.03"
3144,"0.01","0.03"
3145,"0.01","0.02"
3146,"0.01","0.02"
3147,"0.0","0.02"
3148,"0.01","0.02"
3149,"0.01","0.02"
3150,"0.01","0.03"
3151,"0.01","0.03"
3152,"0.01","0.03"
3153,"0.01","0.03"
3154,"0.01","0.03"
3155,"0.01","0.03"
3156,"0.01","0.03"
3157,"0.01","0.03"
3158,"0.01","0.02"
3159,"0.01","0.03"
3160,"0.01","0.03"
3161,"0.01","0.03"
3162,"0.01","0.03"
3163,"0.01","0.03"
3164,"0.01","0.03"
3165,"0.01","0.03"
3166,"0.01","0.02"
3167,"0.01","0.02"
3168,"0.0","0.02"
3169,"0.0","0.02"
3170,"0.01","0.02"
3171,"0.01","0.02"
3172,"0.01","0.03"
3173,"0.01","0.03"
3174,"0.01","0.03"
3175,"0.01","0.03"
3176,"0.01","0.03"
3177,"0.01","0.03"
3178,"0.01","0.03"
3179,"0.01","0.03"
3180,"0.01","0.03"
3181,"0.01","0.03"
3182,"0.01","0.03"
3183,"0.05","0.08"
3184,"0.05","0.09"
3185,"0.05","0.09"
3186,"0.06","0.09"
3187,"0.06","0.09"
3188,"0.06","0.1"
3189,"0.07","0.11"
3190,"0.07","0.11"
3191,"0.07","0.11"
3192,"0.04","0.07"
3193,"0.04","0.07"
3194,"0.04","0.08"
3195,"0.04","0.07"
3196,"0.04","0.07"
3197,"0.04","0.08"
3198,"0.04","0.07"
3199,"0.03","0.07"
3200,"0.03","0.06"
3201,"0.03","0.06"
3202,"0.02","0.05"
3203,"0.02","0.05"
3204,"0.01","0.04"
3205,"0.01","0.03"
3206,"0.01","0.03"
3207,"0.01","0.03"
3208,"0.01","0.02"
3209,"0.01","0.02"
3210,"0.01","0.02"
3211,"0.01","0.03"
3212,"0.01","0.03"
3213,"0.01","0.03"
3214,"0.01","0.03"
3215,"0.01","0.03"
3216,"0.01","0.03"
3217,"0.01","0.03"
3218,"0.01","0.03"
3219,"0.01","0.03"
3220,"0.01","0.03"
3221,"0.01","0.03"
3222,"0.01","0.03"
3223,"0.01","0.03"
3224,"0.01","0.03"
3225,"0.01","0.03"
3226,"0.01","0.03"
3227,"0.01","0.03"
3228,"0.02","0.04"
3229,"0.02","0.04"
3230,"0.02","0.04"
3231,"0.02","0.04"
3232,"0.02","0.04"
3233,"0.02","0.04"
3234,"0.02","0.05"
3235,"0.02","0.05"
3236,"0.02","0.05"
3237,"0.02","0.05"
3238,"0.03","0.06"
3239,"0.03","0.06"
3240,"0.03","0.06"
3241,"0.03","0.06"
3242,"0.04","0.07"
3243,"0.03","0.06"
3244,"0.03","0.06"
3245,"0.03","0.07"
3246,"0.03","0.06"
3247,"0.03","0.06"
3248,"0.03","0.06"
3249,"0.03","0.06"
3250,"0.03","0.06"
3251,"0.03","0.06"
3252,"0.03","0.06"
3253,"0.03","0.05"
3254,"0.02","0.05"
3255,"0.02","0.05"
3256,"0.02","0.04"
3257,"0.01","0.03"
3258,"0.01","0.03"
3259,"0.01","0.02"
3260,"0.01","0.03"
3261,"0.01","0.03"
3262,"0.01","0.03"
3263,"0.01","0.02"
3264,"0.01","0.02"
3265,"0.01","0.02"
3266,"0.01","0.02"
3267,"0.01","0.02"
3268,"0.01","0.02"
3269,"0.01","0.02"
3270,"0.01","0.03"
3271,"0.01","0.03"
3272,"0.01","0.03"
3273,"0.01","0.03"
3274,"0.01","0.03"
3275,"0.01","0.02"
3276,"0.01","0.02"
3277,"0.01","0.02"
3278,"0.01","0.02"
3279,"0.0","0.02"
3280,"0.0","0.02"
3281,"0.0","0.02"
3282,"0.0","0.02"
3283,"0.0","0.02"
3284,"0.0","0.02"
3285,"0.0","0.02"
3286,"0.0","0.01"
3287,"0.0","0.01"
3288,"0.0","0.02"
3289,"0.0","0.02"
3290,"0.0","0.02"
3291,"0.0","0.02"
3292,"0.0","0.02"
3293,"0.0","0.02"
3294,"0.0","0.02"
3295,"0.0","0.02"
3296,"0.0","0.02"
3297,"0.0","0.02"
3298,"0.0","0.02"
3299,"0.0","0.02"
3300,"0.0","0.02"
3301,"0.0","0.02"
3302,"0.0","0.02"
3303,"0.0","0.02"
3304,"0.01","0.02"
3305,"0.0","0.02"
3306,"0.0","0.02"
3307,"0.0","0.02"
3308,"0.01","0.03"
3309,"0.01","0.03"
3310,"0.01","0.03"
3311,"0.01","0.03"
3312,"0.01","0.04"
3313,"0.02","0.04"
3314,"0.02","0.04"
3315,"0.02","0.04"
3316,"0.02","0.04"
3317,"0.02","0.05"
3318,"0.02","0.04"
3319,"0.01","0.04"
3320,"0.01","0.04"
3321,"0.01","0.04"
3322,"0.01","0.04"
3323,"0.01","0.04"
3324,"0.01","0.04"
3325,"0.01","0.03"
3326,"0.01","0.03"
3327,"0.01","0.03"
3328,"0.01","0.03"
3329,"0.01","0.02"
3330,"0.0","0.02"
3331,"0.0","0.02"
3332,"0.0","0.01"
3333,"0.0","0.01"
3334,"0.0","0.02"
3335,"0.0","0.02"
3336,"0.0","0.02"
3337,"0.0","0.01"
3338,"0.0","0.01"
3339,"0.0","0.01"
3340,"0.0","0.01"
3341,"0.0","0.01"
3342,"0.0","0.01"
3343,"0.0","0.01"
3344,"0.0","0.02"
3345,"0.0","0.02"
3346,"0.0","0.02"
3347,"0.0","0.02"
3348,"0.0","0.02"
3349,"0.0","0.02"
3350,"0.0","0.02"
3351,"0.0","0.02"
3352,"0.0","0.02"
3353,"0.0","0.02"
3354,"0.01","0.02"
3355,"0.01","0.02"
3356,"0.01","0.02"
3357,"0.01","0.02"
3358,"0.01","0.02"
3359,"0.01","0.02"
3360,"0.01","0.02"
3361,"0.01","0.02"
3362,"0.01","0.02"
3363,"0.01","0.02"
3364,"0.01","0.02"
3365,"0.0","0.02"
3366,"0.0","0.02"
3367,"0.01","0.02"
3368,"0.01","0.02"
3369,"0.01","0.03"
3370,"0.01","0.03"
3371,"0.01","0.03"
3372,"0.01","0.03"
3373,"0.01","0.03"
3374,"0.01","0.03"
3375,"0.01","0.03"
3376,"0.01","0.03"
3377,"0.01","0.03"
3378,"0.01","0.02"
3379,"0.0","0.01"
3380,"0.0","0.01"
3381,"0.0","0.01"
3382,"0.0","0.02"
3383,"0.0","0.02"
3384,"0.0","0.02"
3385,"0.0","0.02"
3386,"0.0","0.01"
3387,"0.0","0.02"
3388,"0.0","0.02"
3389,"0.0","0.02"
3390,"0.0","0.02"
3391,"0.0","0.01"
3392,"0.0","0.02"
3393,"0.0","0.02"
3394,"0.0","0.02"
3395,"0.0","0.02"
3396,"0.0","0.02"
3397,"0.0","0.01"
3398,"0.0","0.01"
3399,"0.0","0.01"
3400,"0.0","0.02"
3401,"0.0","0.02"
3402,"0.01","0.03"
3403,"0.03","0.05"
3404,"0.03","0.07"
3405,"0.04","0.07"
3406,"0.04","0.08"
3407,"0.04","0.07"
3408,"0.04","0.08"
3409,"0.04","0.08"
3410,"0.04","0.08"
3411,"0.04","0.08"
3412,"0.03","0.06"
3413,"0.03","0.06"
3414,"0.03","0.06"
3415,"0.03","0.06"
3416,"0.03","0.06"
3417,"0.02","0.05"
3418,"0.02","0.05"
3419,"0.01","0.04"
3420,"0.01","0.03"
3421,"0.01","0.03"
3422,"0.01","0.03"
3423,"0.01","0.02"
3424,"0.01","0.03"
3425,"0.0","0.02"
3426,"0.01","0.02"
3427,"0.01","0.03"
3428,"0.01","0.03"
3429,"0.01","0.03"
3430,"0.02","0.04"
3431,"0.02","0.05"
3432,"0.03","0.06"
3433,"0.04","0.07"
3434,"0.04","0.08"
3435,"0.05","0.08"
3436,"0.05","0.09"
3437,"0.09","0.13"
3438,"0.09","0.13"
3439,"0.09","0.14"
3440,"0.09","0.14"
3441,"0.1","0.14"
3442,"0.09","0.14"
3443,"0.1","0.14"
3444,"0.1","0.15"
3445,"0.1","0.14"
3446,"0.06","0.1"
3447,"0.05","0.09"
3448,"0.05","0.08"
3449,"0.04","0.07"
3450,"0.03","0.07"
3451,"0.03","0.06"
3452,"0.03","0.06"
3453,"0.01","0.04"
3454,"0.01","0.04"
3455,"0.01","0.04"
3456,"0.01","0.03"
3457,"0.01","0.03"
3458,"0.01","0.03"
3459,"0.01","0.02"
3460,"0.0","0.02"
3461,"0.0","0.02"
3462,"0.0","0.02"
3463,"0.0","0.02"
3464,"0.0","0.01"
3465,"0.0","0.01"
3466,"0.0","0.02"
3467,"0.05","0.09"
3468,"0.05","0.09"
3469,"0.05","0.09"
3470,"0.05","0.09"
3471,"0.05","0.09"
3472,"0.05","0.09"
3473,"0.06","0.09"
3474,"0.05","0.09"
3475,"0.06","0.09"
3476,"0.0","0.02"
3477,"0.0","0.02"
3478,"0.01","0.02"
3479,"0.01","0.02"
3480,"0.01","0.03"
3481,"0.01","0.03"
3482,"0.05","0.09"
3483,"0.05","0.09"
3484,"0.05","0.09"
3485,"0.06","0.1"
3486,"0.06","0.11"
3487,"0.06","0.11"
3488,"0.08","0.12"
3489,"0.08","0.13"
3490,"0.09","0.14"
3491,"0.05","0.09"
3492,"0.05","0.1"
3493,"0.05","0.09"
3494,"0.05","0.1"
3495,"0.05","0.1"
3496,"0.05","0.09"
3497,"0.05","0.09"
3498,"0.04","0.08"
3499,"0.04","0.08"
3500,"0.04","0.07"
3501,"0.03","0.07"
3502,"0.03","0.06"
3503,"0.03","0.06"
3504,"0.02","0.05"
3505,"0.02","0.04"
3506,"0.02","0.04"
3507,"0.02","0.05"
3508,"0.03","0.06"
3509,"0.03","0.06"
3510,"0.03","0.06"
3511,"0.03","0.06"
3512,"0.03","0.06"
3513,"0.03","0.06"
3514,"0.03","0.07"
3515,"0.04","0.08"
3516,"0.04","0.07"
3517,"0.04","0.07"
3518,"0.04","0.07"
3519,"0.03","0.07"
3520,"0.03","0.07"
3521,"0.03","0.07"
3522,"0.03","0.06"
3523,"0.03","0.06"
3524,"0.02","0.04"
3525,"0.02","0.04"
3526,"0.01","0.04"
3527,"0.01","0.04"
3528,"0.01","0.04"
3529,"0.01","0.03"
3530,"0.01","0.03"
3531,"0.01","0.03"
3532,"0.01","0.04"
3533,"0.01","0.03"
3534,"0.01","0.03"
3535,"0.01","0.04"
3536,"0.01","0.03"
3537,"0.01","0.03"
3538,"0.01","0.03"
3539,"0.01","0.03"
3540,"0.02","0.04"
3541,"0.02","0.05"
3542,"0.02","0.05"
3543,"0.03","0.05"
3544,"0.03","0.06"
3545,"0.03","0.06"
3546,"0.03","0.07"
3547,"0.03","0.07"
3548,"0.04","0.07"
3549,"0.04","0.07"
3550,"0.04","0.07"
3551,"0.04","0.08"
3552,"0.04","0.08"
3553,"0.04","0.08"
3554,"0.04","0.08"
3555,"0.03","0.06"
3556,"0.03","0.06"
3557,"0.03","0.06"
3558,"0.03","0.06"
3559,"0.02","0.04"
3560,"0.02","0.04"
3561,"0.01","0.04"
3562,"0.01","0.04"
3563,"0.01","0.03"
3564,"0.01","0.03"
3565,"0.01","0.02"
3566,"0.0","0.02"
3567,"0.0","0.01"
3568,"0.0","0.01"
3569,"0.0","0.01"
3570,"0.0","0.01"
3571,"0.0","0.02"
3572,"0.0","0.02"
3573,"0.0","0.02"
3574,"0.0","0.02"
3575,"0.0","0.02"
3576,"0.0","0.02"
3577,"0.0","0.02"
3578,"0.0","0.01"
3579,"0.0","0.01"
3580,"0.0","0.01"
3581,"0.0","0.01"
3582,"0.0","0.01"
3583,"0.01","0.03"
3584,"0.01","0.04"
3585,"0.01","0.04"
3586,"0.01","0.04"
3587,"0.02","0.04"
3588,"0.01","0.04"
3589,"0.02","0.04"
3590,"0.02","0.05"
3591,"0.02","0.05"
3592,"0.01","0.03"
3593,"0.01","0.03"
3594,"0.01","0.03"
3595,"0.01","0.03"
3596,"0.01","0.03"
3597,"0.01","0.03"
3598,"0.01","0.04"
3599,"0.01","0.03"
3600,"0.01","0.04"
3601,"0.02","0.04"
3602,"0.02","0.04"
3603,"0.01","0.04"
3604,"0.01","0.03"
3605,"0.01","0.03"
3606,"0.01","0.03"
3607,"0.01","0.02"
3608,"0.01","0.03"
3609,"0.01","0.02"
3610,"0.01","0.02"
3611,"0.01","0.03"
3612,"0.01","0.03"
3613,"0.01","0.03"
3614,"0.01","0.03"
3615,"0.01","0.03"
3616,"0.01","0.03"
3617,"0.01","0.03"
3618,"0.01","0.03"
3619,"0.01","0.03"
3620,"0.01","0.03"
3621,"0.01","0.03"
3622,"0.02","0.04"
3623,"0.01","0.04"
3624,"0.01","0.04"
3625,"0.01","0.03"
3626,"0.01","0.03"
3627,"0.01","0.03"
3628,"0.01","0.03"
3629,"0.01","0.03"
3630,"0.01","0.03"
3631,"0.01","0.02"
3632,"0.01","0.02"
3633,"0.0","0.02"
3634,"0.0","0.02"
3635,"0.01","0.03"
3636,"0.01","0.03"
3637,"0.01","0.03"
3638,"0.01","0.03"
3639,"0.02","0.04"
3640,"0.02","0.04"
3641,"0.02","0.04"
3642,"0.02","0.05"
3643,"0.02","0.05"
3644,"0.02","0.05"
3645,"0.02","0.05"
3646,"0.02","0.05"
3647,"0.02","0.05"
3648,"0.01","0.03"
3649,"0.01","0.03"
3650,"0.01","0.03"
3651,"0.01","0.03"
3652,"0.01","0.03"
3653,"0.02","0.04"
3654,"0.02","0.04"
3655,"0.03","0.05"
3656,"0.02","0.05"
3657,"0.02","0.05"
3658,"0.02","0.05"
3659,"0.02","0.05"
3660,"0.03","0.05"
3661,"0.03","0.05"
3662,"0.03","0.06"
3663,"0.03","0.06"
3664,"0.02","0.05"
3665,"0.02","0.05"
3666,"0.03","0.05"
3667,"0.03","0.05"
3668,"0.03","0.06"
3669,"0.03","0.06"
3670,"0.03","0.06"
3671,"0.01","0.04"
3672,"0.02","0.04"
3673,"0.02","0.05"
3674,"0.02","0.05"
3675,"0.02","0.05"
3676,"0.02","0.04"
3677,"0.02","0.05"
3678,"0.03","0.05"
3679,"0.03","0.05"
3680,"0.03","0.05"
3681,"0.02","0.05"
3682,"0.02","0.05"
3683,"0.02","0.05"
3684,"0.02","0.04"
3685,"0.02","0.04"
3686,"0.02","0.04"
3687,"0.01","0.03"
3688,"0.01","0.03"
3689,"0.01","0.03"
3690,"0.01","0.03"
3691,"0.01","0.02"
3692,"0.01","0.02"
3693,"0.01","0.02"
3694,"0.0","0.02"
3695,"0.0","0.02"
3696,"0.0","0.02"
3697,"0.0","0.02"
3698,"0.0","0.02"
3699,"0.0","0.02"
3700,"0.0","0.02"
3701,"0.0","0.02"
3702,"0.0","0.02"
3703,"0.0","0.01"
3704,"0.0","0.01"
3705,"0.0","0.01"
3706,"0.0","0.01"
3707,"0.0","0.01"
3708,"0.0","0.01"
3709,"0.0","0.01"
3710,"0.05","0.08"
3711,"0.05","0.09"
3712,"0.05","0.09"
3713,"0.05","0.09"
3714,"0.05","0.09"
3715,"0.05","0.09"
3716,"0.05","0.08"
3717,"0.05","0.08"
3718,"0.05","0.09"
3719,"0.01","0.03"
3720,"0.01","0.02"
3721,"0.01","0.03"
3722,"0.01","0.03"
3723,"0.01","0.03"
3724,"0.01","0.03"
3725,"0.01","0.03"
3726,"0.01","0.03"
3727,"0.01","0.03"
3728,"0.01","0.03"
3729,"0.01","0.03"
3730,"0.01","0.03"
3731,"0.01","0.03"
3732,"0.07","0.12"
3733,"0.07","0.12"
3734,"0.07","0.11"
3735,"0.07","0.11"
3736,"0.06","0.1"
3737,"0.06","0.1"
3738,"0.06","0.1"
3739,"0.06","0.1"
3740,"0.06","0.1"
3741,"0.01","0.03"
3742,"0.01","0.02"
3743,"0.01","0.03"
3744,"0.01","0.03"
3745,"0.01","0.03"
3746,"0.01","0.03"
3747,"0.01","0.03"
3748,"0.01","0.03"
3749,"0.01","0.03"
3750,"0.01","0.03"
3751,"0.01","0.03"
3752,"0.01","0.03"
3753,"0.01","0.03"
3754,"0.01","0.02"
3755,"0.0","0.02"
3756,"0.01","0.02"
3757,"0.01","0.02"
3758,"0.01","0.02"
3759,"0.01","0.02"
3760,"0.01","0.03"
3761,"0.01","0.03"
3762,"0.01","0.02"
3763,"0.01","0.02"
3764,"0.01","0.03"
3765,"0.01","0.02"
3766,"0.01","0.02"
3767,"0.0","0.02"
3768,"0.01","0.02"
3769,"0.01","0.02"
3770,"0.01","0.02"
3771,"0.0","0.02"
3772,"0.01","0.02"
3773,"0.0","0.02"
3774,"0.01","0.02"
3775,"0.01","0.02"
3776,"0.01","0.02"
3777,"0.0","0.02"
3778,"0.0","0.02"
3779,"0.0","0.02"
3780,"0.0","0.02"
3781,"0.01","0.02"
3782,"0.01","0.02"
3783,"0.0","0.02"
3784,"0.0","0.02"
3785,"0.0","0.02"
3786,"0.0","0.02"
3787,"0.0","0.01"
3788,"0.0","0.02"
3789,"0.0","0.01"
3790,"0.0","0.02"
3791,"0.0","0.01"
3792,"0.0","0.02"
3793,"0.0","0.02"
3794,"0.0","0.02"
3795,"0.0","0.01"
3796,"0.0","0.01"
3797,"0.0","0.01"
3798,"0.0","0.01"
3799,"0.0","0.01"
3800,"0.0","0.02"
3801,"0.01","0.03"
3802,"0.01","0.03"
3803,"0.01","0.03"
3804,"0.01","0.03"
3805,"0.01","0.02"
3806,"0.01","0.03"
3807,"0.01","0.03"
3808,"0.02","0.04"
3809,"0.03","0.06"
3810,"0.03","0.06"
3811,"0.03","0.06"
3812,"0.03","0.06"
3813,"0.03","0.06"
3814,"0.03","0.06"
3815,"0.03","0.06"
3816,"0.02","0.05"
3817,"0.02","0.05"
3818,"0.02","0.05"
3819,"0.03","0.05"
3820,"0.03","0.05"
3821,"0.02","0.05"
3822,"0.03","0.06"
3823,"0.02","0.05"
3824,"0.03","0.06"
3825,"0.03","0.05"
3826,"0.03","0.06"
3827,"0.04","0.07"
3828,"0.04","0.07"
3829,"0.04","0.08"
3830,"0.05","0.08"
3831,"0.05","0.09"
3832,"0.05","0.09"
3833,"0.05","0.09"
3834,"0.05","0.08"
3835,"0.04","0.08"
3836,"0.04","0.08"
3837,"0.04","0.07"
3838,"0.03","0.07"
3839,"0.03","0.07"
3840,"0.03","0.06"
3841,"0.03","0.05"
3842,"0.02","0.05"
3843,"0.02","0.05"
3844,"0.02","0.04"
3845,"0.01","0.04"
3846,"0.01","0.04"
3847,"0.01","0.04"
3848,"0.01","0.03"
3849,"0.02","0.04"
3850,"0.02","0.04"
3851,"0.02","0.05"
3852,"0.02","0.05"
3853,"0.03","0.06"
3854,"0.03","0.06"
3855,"0.03","0.06"
3856,"0.03","0.06"
3857,"0.03","0.06"
3858,"0.03","0.06"
3859,"0.03","0.06"
3860,"0.03","0.05"
3861,"0.02","0.05"
3862,"0.02","0.05"
3863,"0.02","0.05"
3864,"0.02","0.04"
3865,"0.01","0.04"
3866,"0.01","0.03"
3867,"0.01","0.02"
3868,"0.01","0.02"
3869,"0.0","0.02"
3870,"0.0","0.02"
3871,"0.03","0.06"
3872,"0.03","0.06"
3873,"0.03","0.05"
3874,"0.03","0.05"
3875,"0.03","0.05"
3876,"0.03","0.05"
3877,"0.03","0.05"
3878,"0.03","0.05"
3879,"0.03","0.05"
3880,"0.01","0.02"
3881,"0.01","0.03"
3882,"0.01","0.03"
3883,"0.01","0.03"
3884,"0.01","0.03"
3885,"0.01","0.04"
3886,"0.09","0.13"
3887,"0.09","0.13"
3888,"0.09","0.13"
3889,"0.09","0.13"
3890,"0.1","0.14"
3891,"0.1","0.14"
3892,"0.1","0.14"
3893,"0.1","0.14"
3894,"0.1","0.14"
3895,"0.02","0.05"
3896,"0.02","0.04"
3897,"0.02","0.04"
3898,"0.02","0.04"
3899,"0.01","0.04"
3900,"0.01","0.04"
3901,"0.01","0.04"
3902,"0.02","0.04"
3903,"0.02","0.04"
3904,"0.02","0.04"
3905,"0.01","0.04"
3906,"0.02","0.04"
3907,"0.01","0.04"
3908,"0.02","0.04"
3909,"0.01","0.03"
3910,"0.01","0.04"
3911,"0.02","0.04"
3912,"0.02","0.04"
3913,"0.02","0.04"
3914,"0.02","0.04"
3915,"0.02","0.04"
3916,"0.02","0.04"
3917,"0.02","0.04"
3918,"0.02","0.05"
3919,"0.02","0.05"
3920,"0.02","0.05"
3921,"0.02","0.05"
3922,"0.03","0.05"
3923,"0.03","0.05"
3924,"0.03","0.06"
3925,"0.03","0.05"
3926,"0.03","0.05"
3927,"0.03","0.05"
3928,"0.03","0.05"
3929,"0.03","0.05"
3930,"0.03","0.06"
3931,"0.03","0.06"
3932,"0.03","0.06"
3933,"0.03","0.06"
3934,"0.03","0.06"
3935,"0.03","0.06"
3936,"0.03","0.06"
3937,"0.02","0.05"
3938,"0.02","0.04"
3939,"0.02","0.04"
3940,"0.02","0.04"
3941,"0.02","0.04"
3942,"0.02","0.04"
3943,"0.01","0.04"
3944,"0.01","0.04"
3945,"0.01","0.04"
3946,"0.02","0.05"
3947,"0.02","0.04"
3948,"0.02","0.05"
3949,"0.02","0.05"
3950,"0.02","0.05"
3951,"0.03","0.06"
3952,"0.03","0.06"
3953,"0.03","0.06"
3954,"0.04","0.07"
3955,"0.03","0.07"
3956,"0.04","0.08"
3957,"0.04","0.08"
3958,"0.04","0.08"
3959,"0.04","0.08"
3960,"0.04","0.08"
3961,"0.04","0.08"
3962,"0.05","0.09"
3963,"0.04","0.08"
3964,"0.04","0.08"
3965,"0.04","0.07"
3966,"0.04","0.07"
3967,"0.03","0.07"
3968,"0.04","0.07"
3969,"0.03","0.06"
3970,"0.03","0.06"
3971,"0.02","0.05"
3972,"0.02","0.04"
3973,"0.01","0.04"
3974,"0.02","0.04"
3975,"0.01","0.04"
3976,"0.01","0.04"
3977,"0.01","0.03"
3978,"0.01","0.04"
3979,"0.01","0.04"
3980,"0.02","0.04"
3981,"0.02","0.04"
3982,"0.02","0.05"
3983,"0.02","0.04"
3984,"0.02","0.05"
3985,"0.02","0.04"
3986,"0.02","0.04"
3987,"0.02","0.04"
3988,"0.02","0.04"
3989,"0.01","0.04"
3990,"0.02","0.04"
3991,"0.02","0.04"
3992,"0.02","0.04"
3993,"0.02","0.04"
3994,"0.01","0.04"
3995,"0.01","0.03"
3996,"0.01","0.03"
3997,"0.01","0.03"
3998,"0.01","0.03"
3999,"0.01","0.03"
4000,"0.01","0.03"
4001,"0.01","0.03"
4002,"0.01","0.03"
4003,"0.01","0.04"
4004,"0.01","0.03"
4005,"0.01","0.03"
4006,"0.01","0.03"
4007,"0.02","0.04"
4008,"0.02","0.04"
4009,"0.02","0.05"
4010,"0.02","0.05"
4011,"0.02","0.05"
4012,"0.02","0.05"
4013,"0.02","0.05"
4014,"0.02","0.05"
4015,"0.02","0.04"
4016,"0.02","0.04"
4017,"0.01","0.04"
4018,"0.02","0.04"
4019,"0.02","0.04"
4020,"0.02","0.04"
4021,"0.02","0.04"
4022,"0.01","0.04"
4023,"0.01","0.03"
4024,"0.01","0.02"
4025,"0.0","0.02"
4026,"0.0","0.02"
4027,"0.0","0.02"
4028,"0.0","0.02"
4029,"0.0","0.02"
4030,"0.0","0.02"
4031,"0.01","0.03"
4032,"0.04","0.08"
4033,"0.04","0.08"
4034,"0.05","0.08"
4035,"0.06","0.1"
4036,"0.07","0.12"
4037,"0.09","0.14"
4038,"0.11","0.15"
4039,"0.13","0.19"
4040,"0.14","0.19"
4041,"0.11","0.16"
4042,"0.11","0.16"
4043,"0.12","0.17"
4044,"0.12","0.17"
4045,"0.13","0.18"
4046,"0.13","0.18"
4047,"0.13","0.18"
4048,"0.12","0.18"
4049,"0.12","0.17"
4050,"0.11","0.16"
4051,"0.1","0.15"
4052,"0.08","0.13"
4053,"0.06","0.1"
4054,"0.05","0.09"
4055,"0.02","0.05"
4056,"0.02","0.05"
4057,"0.02","0.05"
4058,"0.02","0.05"
4059,"0.02","0.04"
4060,"0.01","0.04"
4061,"0.01","0.03"
4062,"0.01","0.03"
4063,"0.01","0.03"
4064,"0.01","0.03"
4065,"0.01","0.03"
4066,"0.01","0.03"
4067,"0.01","0.03"
4068,"0.01","0.03"
4069,"0.01","0.03"
4070,"0.01","0.04"
4071,"0.01","0.04"
4072,"0.01","0.04"
4073,"0.02","0.04"
4074,"0.02","0.04"
4075,"0.02","0.05"
4076,"0.02","0.05"
4077,"0.02","0.05"
4078,"0.02","0.05"
4079,"0.02","0.05"
4080,"0.02","0.04"
4081,"0.02","0.04"
4082,"0.03","0.05"
4083,"0.03","0.06"
4084,"0.03","0.05"
4085,"0.03","0.05"
4086,"0.02","0.05"
4087,"0.02","0.05"
4088,"0.02","0.04"
4089,"0.03","0.05"
4090,"0.02","0.05"
4091,"0.02","0.05"
4092,"0.02","0.04"
4093,"0.02","0.05"
4094,"0.1","0.14"
4095,"0.11","0.15"
4096,"0.1","0.14"
4097,"0.1","0.14"
4098,"0.1","0.14"
4099,"0.1","0.14"
4100,"0.1","0.14"
4101,"0.1","0.14"
4102,"0.1","0.14"
4103,"0.01","0.03"
4104,"0.01","0.03"
4105,"0.01","0.03"
4106,"0.01","0.03"
4107,"0.01","0.03"
4108,"0.01","0.03"
4109,"0.01","0.03"
4110,"0.01","0.03"
4111,"0.01","0.03"
4112,"0.01","0.04"
4113,"0.01","0.04"
4114,"0.02","0.04"
4115,"0.02","0.04"
4116,"0.02","0.04"
4117,"0.01","0.04"
4118,"0.01","0.04"
4119,"0.01","0.03"
4120,"0.01","0.04"
4121,"0.01","0.04"
4122,"0.01","0.04"
4123,"0.01","0.03"
4124,"0.01","0.03"
4125,"0.01","0.03"
4126,"0.01","0.02"
4127,"0.01","0.02"
4128,"0.01","0.03"
4129,"0.01","0.03"
4130,"0.01","0.03"
4131,"0.02","0.04"
4132,"0.02","0.04"
4133,"0.02","0.04"
4134,"0.02","0.04"
4135,"0.02","0.04"
4136,"0.02","0.04"
4137,"0.02","0.05"
4138,"0.02","0.04"
4139,"0.02","0.04"
4140,"0.02","0.05"
4141,"0.03","0.05"
4142,"0.03","0.06"
4143,"0.03","0.05"
4144,"0.02","0.05"
4145,"0.02","0.05"
4146,"0.02","0.04"
4147,"0.02","0.04"
4148,"0.01","0.03"
4149,"0.01","0.03"
4150,"0.01","0.03"
4151,"0.01","0.03"
4152,"0.01","0.03"
4153,"0.01","0.03"
4154,"0.01","0.03"
4155,"0.01","0.03"
4156,"0.01","0.02"
4157,"0.0","0.02"
4158,"0.0","0.02"
4159,"0.0","0.02"
4160,"0.0","0.02"
4161,"0.01","0.02"
4162,"0.01","0.03"
4163,"0.06","0.1"
4164,"0.06","0.1"
4165,"0.06","0.1"
4166,"0.06","0.1"
4167,"0.06","0.1"
4168,"0.06","0.1"
4169,"0.06","0.1"
4170,"0.06","0.1"
4171,"0.06","0.1"
4172,"0.05","0.08"
4173,"0.01","0.03"
4174,"0.01","0.03"
4175,"0.01","0.03"
4176,"0.01","0.03"
4177,"0.01","0.02"
4178,"0.0","0.02"
4179,"0.0","0.02"
4180,"0.0","0.02"
4181,"0.0","0.02"
4182,"0.0","0.02"
4183,"0.01","0.02"
4184,"0.01","0.02"
4185,"0.01","0.03"
4186,"0.01","0.04"
4187,"0.03","0.06"
4188,"0.03","0.06"
4189,"0.03","0.06"
4190,"0.03","0.06"
4191,"0.03","0.06"
4192,"0.03","0.06"
4193,"0.03","0.06"
4194,"0.03","0.06"
4195,"0.03","0.06"
4196,"0.03","0.06"
4197,"0.03","0.06"
4198,"0.03","0.06"
4199,"0.03","0.06"
4200,"0.03","0.05"
4201,"0.03","0.05"
4202,"0.02","0.05"
4203,"0.02","0.04"
4204,"0.02","0.04"
4205,"0.02","0.05"
4206,"0.03","0.06"
4207,"0.03","0.06"
4208,"0.03","0.07"
4209,"0.03","0.06"
4210,"0.03","0.07"
4211,"0.03","0.06"
4212,"0.03","0.07"
4213,"0.03","0.06"
4214,"0.03","0.06"
4215,"0.03","0.07"
4216,"0.03","0.06"
4217,"0.03","0.06"
4218,"0.03","0.06"
4219,"0.02","0.05"
4220,"0.02","0.05"
4221,"0.02","0.04"
4222,"0.01","0.03"
4223,"0.01","0.03"
4224,"0.01","0.03"
4225,"0.01","0.02"
4226,"0.0","0.02"
4227,"0.0","0.02"
4228,"0.0","0.02"
4229,"0.01","0.02"
4230,"0.01","0.03"
4231,"0.01","0.03"
4232,"0.02","0.04"
4233,"0.02","0.05"
4234,"0.03","0.05"
4235,"0.03","0.06"
4236,"0.03","0.05"
4237,"0.03","0.06"
4238,"0.03","0.05"
4239,"0.02","0.05"
4240,"0.02","0.05"
4241,"0.03","0.05"
4242,"0.03","0.05"
4243,"0.03","0.05"
4244,"0.03","0.06"
4245,"0.03","0.06"
4246,"0.02","0.05"
4247,"0.02","0.05"
4248,"0.02","0.04"
4249,"0.01","0.03"
4250,"0.01","0.03"
4251,"0.01","0.03"
4252,"0.01","0.04"
4253,"0.01","0.04"
4254,"0.01","0.04"
4255,"0.01","0.04"
4256,"0.01","0.04"
4257,"0.01","0.04"
4258,"0.01","0.04"
4259,"0.01","0.03"
4260,"0.01","0.04"
4261,"0.01","0.04"
4262,"0.01","0.03"
4263,"0.01","0.03"
4264,"0.01","0.03"
4265,"0.01","0.04"
4266,"0.02","0.04"
4267,"0.01","0.04"
4268,"0.01","0.04"
4269,"0.01","0.04"
4270,"0.01","0.03"
4271,"0.01","0.04"
4272,"0.02","0.04"
4273,"0.02","0.04"
4274,"0.02","0.04"
4275,"0.01","0.03"
4276,"0.01","0.03"
4277,"0.01","0.04"
4278,"0.02","0.04"
4279,"0.02","0.05"
4280,"0.02","0.05"
4281,"0.02","0.04"
4282,"0.02","0.04"
4283,"0.04","0.07"
4284,"0.03","0.07"
4285,"0.03","0.07"
4286,"0.03","0.07"
4287,"0.03","0.06"
4288,"0.03","0.06"
4289,"0.03","0.06"
4290,"0.03","0.06"
4291,"0.03","0.06"
4292,"0.01","0.03"
4293,"0.01","0.03"
4294,"0.01","0.02"
4295,"0.0","0.02"
4296,"0.0","0.02"
4297,"0.0","0.02"
4298,"0.0","0.02"
4299,"0.0","0.02"
4300,"0.0","0.02"
4301,"0.0","0.02"
4302,"0.01","0.02"
4303,"0.01","0.02"
4304,"0.01","0.03"
4305,"0.01","0.03"
4306,"0.01","0.03"
4307,"0.01","0.03"
4308,"0.01","0.03"
4309,"0.01","0.03"
4310,"0.01","0.03"
4311,"0.01","0.03"
4312,"0.01","0.03"
4313,"0.01","0.03"
4314,"0.01","0.03"
4315,"0.01","0.03"
4316,"0.01","0.03"
4317,"0.01","0.03"
4318,"0.01","0.03"
4319,"0.01","0.03"
4320,"0.01","0.03"
4321,"0.01","0.03"
4322,"0.01","0.03"
4323,"0.01","0.02"
4324,"0.01","0.03"
4325,"0.01","0.02"
4326,"0.01","0.02"
4327,"0.01","0.02"
4328,"0.01","0.02"
4329,"0.01","0.02"
4330,"0.01","0.03"
4331,"0.01","0.03"
4332,"0.01","0.03"
4333,"0.01","0.03"
4334,"0.01","0.03"
4335,"0.01","0.03"
4336,"0.01","0.03"
4337,"0.01","0.03"
4338,"0.01","0.03"
4339,"0.01","0.03"
4340,"0.01","0.03"
4341,"0.01","0.03"
4342,"0.01","0.03"
4343,"0.01","0.03"
4344,"0.02","0.04"
4345,"0.02","0.04"
4346,"0.02","0.04"
4347,"0.02","0.05"
4348,"0.02","0.05"
4349,"0.02","0.05"
4350,"0.02","0.05"
4351,"0.02","0.05"
4352,"0.03","0.06"
4353,"0.02","0.05"
4354,"0.02","0.05"
4355,"0.02","0.05"
4356,"0.02","0.05"
4357,"0.02","0.05"
4358,"0.02","0.05"
4359,"0.02","0.05"
4360,"0.02","0.04"
4361,"0.02","0.04"
4362,"0.01","0.04"
4363,"0.01","0.03"
4364,"0.01","0.03"
4365,"0.01","0.03"
4366,"0.01","0.03"
4367,"0.01","0.02"
4368,"0.01","0.02"
4369,"0.0","0.02"
4370,"0.0","0.02"
4371,"0.0","0.02"
4372,"0.0","0.02"
4373,"0.0","0.01"
4374,"0.0","0.02"
4375,"0.01","0.02"
4376,"0.01","0.02"
4377,"0.01","0.02"
4378,"0.01","0.02"
4379,"0.01","0.02"
4380,"0.01","0.02"
4381,"0.01","0.03"
4382,"0.01","0.03"
4383,"0.01","0.03"
4384,"0.01","0.03"
4385,"0.01","0.03"
4386,"0.01","0.03"
4387,"0.01","0.03"
4388,"0.01","0.04"
4389,"0.01","0.03"
4390,"0.01","0.04"
4391,"0.01","0.03"
4392,"0.01","0.03"
4393,"0.01","0.03"
4394,"0.01","0.03"
4395,"0.01","0.03"
4396,"0.01","0.03"
4397,"0.01","0.03"
4398,"0.01","0.03"
4399,"0.01","0.03"
4400,"0.01","0.03"
4401,"0.01","0.03"
4402,"0.01","0.02"
4403,"0.0","0.02"
4404,"0.0","0.01"
4405,"0.0","0.01"
4406,"0.0","0.01"
4407,"0.0","0.01"
4408,"0.0","0.01"
4409,"0.0","0.01"
4410,"0.0","0.01"
4411,"0.0","0.01"
4412,"0.0","0.01"
4413,"0.0","0.01"
4414,"0.0","0.02"
4415,"0.0","0.02"
4416,"0.01","0.02"
4417,"0.01","0.02"
4418,"0.01","0.03"
4419,"0.01","0.03"
4420,"0.01","0.03"
4421,"0.02","0.04"
4422,"0.02","0.04"
4423,"0.02","0.04"
4424,"0.02","0.04"
4425,"0.02","0.04"
4426,"0.01","0.04"
4427,"0.02","0.04"
4428,"0.01","0.04"
4429,"0.01","0.04"
4430,"0.01","0.04"
4431,"0.01","0.03"
4432,"0.01","0.03"
4433,"0.01","0.03"
4434,"0.01","0.03"
4435,"0.01","0.03"
4436,"0.01","0.02"
4437,"0.01","0.02"
4438,"0.01","0.02"
4439,"0.0","0.02"
4440,"0.01","0.02"
4441,"0.01","0.02"
4442,"0.01","0.03"
4443,"0.01","0.03"
4444,"0.01","0.04"
4445,"0.02","0.04"
4446,"0.02","0.04"
4447,"0.02","0.04"
4448,"0.03","0.06"
4449,"0.03","0.05"
4450,"0.03","0.06"
4451,"0.03","0.07"
4452,"0.03","0.07"
4453,"0.04","0.07"
4454,"0.03","0.07"
4455,"0.03","0.06"
4456,"0.03","0.06"
4457,"0.03","0.06"
4458,"0.03","0.06"
4459,"0.03","0.06"
4460,"0.03","0.06"
4461,"0.03","0.06"
4462,"0.03","0.06"
4463,"0.02","0.05"
4464,"0.02","0.05"
4465,"0.01","0.03"
4466,"0.01","0.03"
4467,"0.01","0.03"
4468,"0.01","0.03"
4469,"0.01","0.03"
4470,"0.01","0.03"
4471,"0.01","0.03"
4472,"0.01","0.03"
4473,"0.01","0.03"
4474,"0.01","0.03"
4475,"0.01","0.03"
4476,"0.01","0.02"
4477,"0.0","0.02"
4478,"0.01","0.02"
4479,"0.01","0.02"
4480,"0.01","0.03"
4481,"0.01","0.03"
4482,"0.01","0.03"
4483,"0.01","0.03"
4484,"0.01","0.04"
4485,"0.01","0.03"
4486,"0.01","0.04"
4487,"0.02","0.04"
4488,"0.02","0.05"
4489,"0.02","0.04"
4490,"0.02","0.04"
4491,"0.02","0.05"
4492,"0.02","0.05"
4493,"0.02","0.05"
4494,"0.02","0.05"
4495,"0.02","0.05"
4496,"0.02","0.05"
4497,"0.02","0.04"
4498,"0.02","0.05"
4499,"0.02","0.05"
4500,"0.02","0.04"
4501,"0.02","0.04"
4502,"0.02","0.04"
4503,"0.01","0.04"
4504,"0.01","0.03"
4505,"0.01","0.03"
4506,"0.01","0.02"
4507,"0.01","0.02"
4508,"0.0","0.02"
4509,"0.0","0.02"
4510,"0.0","0.02"
4511,"0.0","0.02"
4512,"0.0","0.02"
4513,"0.0","0.02"
4514,"0.02","0.05"
4515,"0.06","0.1"
4516,"0.06","0.1"
4517,"0.06","0.09"
4518,"0.06","0.1"
4519,"0.06","0.1"
4520,"0.07","0.1"
4521,"0.07","0.11"
4522,"0.07","0.11"
4523,"0.07","0.11"
4524,"0.03","0.06"
4525,"0.03","0.06"
4526,"0.03","0.07"
4527,"0.03","0.06"
4528,"0.03","0.07"
4529,"0.03","0.06"
4530,"0.02","0.04"
4531,"0.02","0.04"
4532,"0.02","0.04"
4533,"0.02","0.04"
4534,"0.02","0.05"
4535,"0.02","0.05"
4536,"0.03","0.05"
4537,"0.02","0.05"
4538,"0.03","0.05"
4539,"0.02","0.05"
4540,"0.03","0.06"
4541,"0.03","0.06"
4542,"0.03","0.07"
4543,"0.03","0.06"
4544,"0.04","0.07"
4545,"0.04","0.07"
4546,"0.04","0.08"
4547,"0.04","0.08"
4548,"0.04","0.08"
4549,"0.04","0.07"
4550,"0.04","0.08"
4551,"0.04","0.07"
4552,"0.04","0.07"
4553,"0.04","0.07"
4554,"0.04","0.07"
4555,"0.03","0.07"
4556,"0.03","0.07"
4557,"0.03","0.06"
4558,"0.03","0.06"
4559,"0.03","0.06"
4560,"0.03","0.06"
4561,"0.03","0.05"
4562,"0.02","0.05"
4563,"0.02","0.05"
4564,"0.02","0.04"
4565,"0.02","0.04"
4566,"0.01","0.03"
4567,"0.01","0.03"
4568,"0.01","0.02"
4569,"0.01","0.02"
4570,"0.01","0.02"
4571,"0.01","0.02"
4572,"0.01","0.03"
4573,"0.01","0.02"
4574,"0.01","0.02"
4575,"0.0","0.02"
4576,"0.0","0.02"
4577,"0.0","0.02"
4578,"0.0","0.02"
4579,"0.0","0.02"
4580,"0.0","0.02"
4581,"0.0","0.02"
4582,"0.0","0.02"
4583,"0.0","0.02"
4584,"0.0","0.02"
4585,"0.0","0.02"
4586,"0.01","0.02"
4587,"0.01","0.03"
4588,"0.01","0.03"
4589,"0.01","0.03"
4590,"0.01","0.03"
4591,"0.01","0.03"
4592,"0.01","0.03"
4593,"0.01","0.03"
4594,"0.01","0.04"
4595,"0.01","0.04"
4596,"0.01","0.04"
4597,"0.01","0.03"
4598,"0.01","0.03"
4599,"0.01","0.03"
4600,"0.02","0.05"
4601,"0.02","0.05"
4602,"0.02","0.05"
4603,"0.02","0.05"
4604,"0.02","0.05"
4605,"0.02","0.05"
4606,"0.02","0.04"
4607,"0.02","0.04"
4608,"0.02","0.04"
4609,"0.02","0.04"
4610,"0.02","0.04"
4611,"0.01","0.04"
4612,"0.01","0.04"
4613,"0.01","0.04"
4614,"0.01","0.04"
4615,"0.0","0.02"
4616,"0.01","0.02"
4617,"0.01","0.02"
4618,"0.01","0.02"
4619,"0.01","0.02"
4620,"0.01","0.02"
4621,"0.01","0.02"
4622,"0.01","0.02"
4623,"0.01","0.02"
4624,"0.01","0.03"
4625,"0.01","0.03"
4626,"0.01","0.03"
4627,"0.01","0.03"
4628,"0.01","0.03"
4629,"0.01","0.03"
4630,"0.01","0.03"
4631,"0.01","0.03"
4632,"0.02","0.05"
4633,"0.02","0.05"
4634,"0.02","0.05"
4635,"0.02","0.05"
4636,"0.02","0.05"
4637,"0.02","0.05"
4638,"0.02","0.05"
4639,"0.02","0.05"
4640,"0.02","0.04"
4641,"0.01","0.04"
4642,"0.02","0.04"
4643,"0.02","0.05"
4644,"0.02","0.06"
4645,"0.03","0.07"
4646,"0.04","0.08"
4647,"0.04","0.07"
4648,"0.04","0.07"
4649,"0.04","0.08"
4650,"0.04","0.08"
4651,"0.04","0.08"
4652,"0.04","0.08"
4653,"0.04","0.07"
4654,"0.03","0.07"
4655,"0.04","0.07"
4656,"0.04","0.08"
4657,"0.04","0.07"
4658,"0.04","0.08"
4659,"0.04","0.07"
4660,"0.04","0.07"
4661,"0.04","0.07"
4662,"0.04","0.07"
4663,"0.04","0.07"
4664,"0.05","0.08"
4665,"0.05","0.09"
4666,"0.04","0.08"
4667,"0.05","0.08"
4668,"0.05","0.08"
4669,"0.05","0.08"
4670,"0.05","0.09"
4671,"0.04","0.08"
4672,"0.04","0.08"
4673,"0.05","0.08"
4674,"0.04","0.08"
4675,"0.04","0.07"
4676,"0.04","0.07"
4677,"0.04","0.07"
4678,"0.04","0.07"
4679,"0.04","0.07"
4680,"0.03","0.07"
4681,"0.03","0.06"
4682,"0.02","0.05"
4683,"0.03","0.05"
4684,"0.03","0.06"
4685,"0.03","0.06"
4686,"0.03","0.06"
4687,"0.03","0.06"
4688,"0.03","0.06"
4689,"0.03","0.05"
4690,"0.02","0.05"
4691,"0.03","0.05"
4692,"0.03","0.05"
4693,"0.02","0.05"
4694,"0.02","0.05"
4695,"0.02","0.04"
4696,"0.01","0.04"
4697,"0.01","0.03"
4698,"0.01","0.03"
4699,"0.01","0.03"
4700,"0.01","0.03"
4701,"0.01","0.03"
4702,"0.01","0.03"
4703,"0.01","0.03"
4704,"0.01","0.03"
4705,"0.01","0.03"
4706,"0.01","0.03"
4707,"0.01","0.02"
4708,"0.0","0.01"
4709,"0.0","0.01"
4710,"0.0","0.01"
4711,"0.0","0.02"
4712,"0.0","0.02"
4713,"0.01","0.02"
4714,"0.01","0.02"
4715,"0.01","0.02"
4716,"0.01","0.03"
4717,"0.01","0.03"
4718,"0.01","0.03"
4719,"0.01","0.03"
4720,"0.01","0.03"
4721,"0.01","0.03"
4722,"0.01","0.02"
4723,"0.01","0.02"
4724,"0.01","0.03"
4725,"0.04","0.07"
4726,"0.05","0.08"
4727,"0.05","0.08"
4728,"0.05","0.08"
4729,"0.05","0.08"
4730,"0.05","0.08"
4731,"0.05","0.08"
4732,"0.05","0.08"
4733,"0.05","0.08"
4734,"0.02","0.05"
4735,"0.01","0.02"
4736,"0.01","0.02"
4737,"0.01","0.02"
4738,"0.01","0.02"
4739,"0.01","0.02"
4740,"0.01","0.02"
4741,"0.01","0.03"
4742,"0.01","0.02"
4743,"0.01","0.02"
4744,"0.01","0.02"
4745,"0.01","0.02"
4746,"0.01","0.02"
4747,"0.01","0.02"
4748,"0.01","0.03"
4749,"0.01","0.03"
4750,"0.01","0.03"
4751,"0.01","0.03"
4752,"0.01","0.04"
4753,"0.01","0.04"
4754,"0.01","0.03"
4755,"0.01","0.03"
4756,"0.01","0.03"
4757,"0.01","0.03"
4758,"0.02","0.04"
4759,"0.02","0.04"
4760,"0.02","0.04"
4761,"0.02","0.04"
4762,"0.02","0.04"
4763,"0.02","0.04"
4764,"0.01","0.04"
4765,"0.01","0.04"
4766,"0.01","0.03"
4767,"0.01","0.03"
4768,"0.01","0.03"
4769,"0.01","0.03"
4770,"0.01","0.03"
4771,"0.01","0.03"
4772,"0.01","0.03"
4773,"0.01","0.02"
4774,"0.01","0.02"
4775,"0.01","0.03"
4776,"0.01","0.02"
4777,"0.01","0.02"
4778,"0.01","0.02"
4779,"0.01","0.02"
4780,"0.01","0.02"
4781,"0.01","0.02"
4782,"0.01","0.03"
4783,"0.01","0.02"
4784,"0.01","0.02"
4785,"0.01","0.02"
4786,"0.01","0.02"
4787,"0.01","0.02"
4788,"0.0","0.02"
4789,"0.01","0.02"
4790,"0.01","0.02"
4791,"0.01","0.03"
4792,"0.01","0.03"
4793,"0.01","0.03"
4794,"0.01","0.03"
4795,"0.01","0.03"
4796,"0.01","0.03"
4797,"0.01","0.03"
4798,"0.01","0.03"
4799,"0.01","0.03"
4800,"0.01","0.04"
4801,"0.01","0.04"
4802,"0.02","0.04"
4803,"0.02","0.04"
4804,"0.02","0.05"
4805,"0.02","0.05"
4806,"0.02","0.05"
4807,"0.02","0.05"
4808,"0.02","0.05"
4809,"0.02","0.05"
4810,"0.02","0.05"
4811,"0.02","0.05"
4812,"0.02","0.05"
4813,"0.02","0.05"
4814,"0.03","0.06"
4815,"0.02","0.05"
4816,"0.02","0.05"
4817,"0.02","0.05"
4818,"0.02","0.05"
4819,"0.02","0.05"
4820,"0.02","0.04"
4821,"0.01","0.04"
4822,"0.01","0.04"
4823,"0.01","0.03"
4824,"0.01","0.03"
4825,"0.01","0.02"
4826,"0.01","0.02"
4827,"0.01","0.02"
4828,"0.01","0.04"
4829,"0.01","0.04"
4830,"0.01","0.04"
4831,"0.02","0.04"
4832,"0.02","0.05"
4833,"0.02","0.05"
4834,"0.03","0.06"
4835,"0.03","0.06"
4836,"0.07","0.11"
4837,"0.07","0.12"
4838,"0.08","0.13"
4839,"0.1","0.15"
4840,"0.1","0.15"
4841,"0.11","0.16"
4842,"0.11","0.16"
4843,"0.1","0.15"
4844,"0.11","0.16"
4845,"0.11","0.16"
4846,"0.11","0.16"
4847,"0.1","0.15"
4848,"0.09","0.14"
4849,"0.08","0.13"
4850,"0.08","0.12"
4851,"0.04","0.08"
4852,"0.04","0.08"
4853,"0.03","0.07"
4854,"0.03","0.06"
4855,"0.03","0.06"
4856,"0.02","0.05"
4857,"0.02","0.05"
4858,"0.02","0.05"
4859,"0.03","0.05"
4860,"0.03","0.06"
4861,"0.03","0.06"
4862,"0.04","0.07"
4863,"0.04","0.07"
4864,"0.04","0.07"
4865,"0.04","0.07"
4866,"0.04","0.07"
4867,"0.04","0.07"
4868,"0.03","0.06"
4869,"0.03","0.06"
4870,"0.03","0.06"
4871,"0.03","0.06"
4872,"0.03","0.06"
4873,"0.03","0.06"
4874,"0.03","0.06"
4875,"0.03","0.06"
4876,"0.03","0.06"
4877,"0.02","0.05"
4878,"0.02","0.05"
4879,"0.02","0.05"
4880,"0.02","0.05"
4881,"0.02","0.05"
4882,"0.02","0.05"
4883,"0.03","0.06"
4884,"0.03","0.06"
4885,"0.03","0.06"
4886,"0.03","0.06"
4887,"0.03","0.06"
4888,"0.02","0.05"
4889,"0.02","0.05"
4890,"0.02","0.05"
4891,"0.02","0.05"
4892,"0.03","0.06"
4893,"0.03","0.06"
4894,"0.03","0.06"
4895,"0.02","0.05"
4896,"0.02","0.05"
4897,"0.02","0.05"
4898,"0.02","0.05"
4899,"0.02","0.05"
4900,"0.02","0.04"
4901,"0.01","0.03"
4902,"0.01","0.03"
4903,"0.01","0.03"
4904,"0.01","0.03"
4905,"0.01","0.04"
4906,"0.02","0.05"
4907,"0.02","0.05"
4908,"0.02","0.05"
4909,"0.03","0.05"
4910,"0.03","0.05"
4911,"0.03","0.06"
4912,"0.03","0.06"
4913,"0.03","0.06"
4914,"0.03","0.06"
4915,"0.03","0.06"
4916,"0.03","0.06"
4917,"0.03","0.07"
4918,"0.03","0.06"
4919,"0.03","0.06"
4920,"0.03","0.06"
4921,"0.03","0.06"
4922,"0.03","0.06"
4923,"0.02","0.05"
4924,"0.03","0.07"
4925,"0.03","0.06"
4926,"0.03","0.06"
4927,"0.03","0.06"
4928,"0.03","0.06"
4929,"0.03","0.06"
4930,"0.03","0.06"
4931,"0.03","0.06"
4932,"0.03","0.06"
4933,"0.03","0.06"
4934,"0.03","0.06"
4935,"0.03","0.06"
4936,"0.03","0.06"
4937,"0.02","0.05"
4938,"0.02","0.05"
4939,"0.02","0.04"
4940,"0.01","0.04"
4941,"0.01","0.04"
4942,"0.01","0.04"
4943,"0.01","0.04"
4944,"0.01","0.03"
4945,"0.01","0.03"
4946,"0.01","0.03"
4947,"0.01","0.02"
4948,"0.0","0.02"
4949,"0.0","0.02"
4950,"0.0","0.01"
4951,"0.0","0.01"
4952,"0.0","0.01"
4953,"0.0","0.02"
4954,"0.0","0.02"
4955,"0.0","0.01"
4956,"0.0","0.01"
4957,"0.0","0.01"
4958,"0.0","0.01"
4959,"0.0","0.01"
4960,"0.0","0.01"
4961,"0.0","0.02"
4962,"0.0","0.01"
4963,"0.01","0.03"
4964,"0.02","0.04"
4965,"0.03","0.06"
4966,"0.04","0.07"
4967,"0.04","0.07"
4968,"0.04","0.07"
4969,"0.05","0.08"
4970,"0.05","0.08"
4971,"0.05","0.09"
4972,"0.06","0.09"
4973,"0.06","0.1"
4974,"0.06","0.1"
4975,"0.06","0.1"
4976,"0.06","0.1"
4977,"0.06","0.09"
4978,"0.06","0.09"
4979,"0.05","0.08"
4980,"0.04","0.07"
4981,"0.02","0.05"
4982,"0.02","0.04"
4983,"0.02","0.04"
4984,"0.01","0.04"
4985,"0.01","0.03"
4986,"0.01","0.03"
4987,"0.0","0.02"
4988,"0.0","0.01"
4989,"0.0","0.01"
4990,"0.0","0.01"
4991,"0.0","0.02"
4992,"0.0","0.02"
4993,"0.0","0.02"
4994,"0.0","0.02"
4995,"0.0","0.02"
4996,"0.0","0.02"
4997,"0.01","0.03"
4998,"0.01","0.03"
4999,"0.01","0.04"
5000,"0.02","0.04"
5001,"0.02","0.04"
5002,"0.02","0.04"
5003,"0.02","0.04"
5004,"0.02","0.04"
5005,"0.02","0.05"
5006,"0.02","0.05"
5007,"0.02","0.05"
5008,"0.02","0.05"
5009,"0.02","0.05"
5010,"0.02","0.05"
5011,"0.02","0.05"
5012,"0.02","0.05"
5013,"0.02","0.04"
5014,"0.02","0.04"
5015,"0.01","0.04"
5016,"0.01","0.04"
5017,"0.01","0.03"
5018,"0.01","0.04"
5019,"0.03","0.06"
5020,"0.03","0.06"
5021,"0.03","0.06"
5022,"0.03","0.06"
5023,"0.03","0.06"
5024,"0.03","0.06"
5025,"0.03","0.06"
5026,"0.03","0.06"
5027,"0.03","0.06"
5028,"0.03","0.06"
5029,"0.02","0.05"
5030,"0.02","0.05"
5031,"0.02","0.05"
5032,"0.02","0.05"
5033,"0.02","0.05"
5034,"0.01","0.02"
5035,"0.01","0.02"
5036,"0.01","0.02"
5037,"0.01","0.02"
5038,"0.01","0.03"
5039,"0.01","0.03"
5040,"0.01","0.03"
5041,"0.01","0.03"
5042,"0.01","0.03"
5043,"0.01","0.03"
5044,"0.01","0.03"
5045,"0.01","0.03"
5046,"0.02","0.04"
5047,"0.01","0.03"
5048,"0.01","0.03"
5049,"0.01","0.03"
5050,"0.01","0.03"
5051,"0.01","0.03"
5052,"0.01","0.03"
5053,"0.01","0.03"
5054,"0.01","0.03"
5055,"0.01","0.02"
5056,"0.01","0.02"
5057,"0.01","0.02"
5058,"0.02","0.04"
5059,"0.02","0.04"
5060,"0.02","0.04"
5061,"0.02","0.04"
5062,"0.02","0.05"
5063,"0.02","0.05"
5064,"0.02","0.05"
5065,"0.03","0.05"
5066,"0.03","0.05"
5067,"0.03","0.05"
5068,"0.01","0.04"
5069,"0.01","0.04"
5070,"0.02","0.04"
5071,"0.02","0.04"
5072,"0.02","0.05"
5073,"0.02","0.05"
5074,"0.02","0.05"
5075,"0.02","0.05"
5076,"0.02","0.05"
5077,"0.02","0.04"
5078,"0.02","0.04"
5079,"0.02","0.04"
5080,"0.02","0.04"
5081,"0.01","0.04"
5082,"0.01","0.04"
5083,"0.01","0.03"
5084,"0.01","0.03"
5085,"0.01","0.03"
5086,"0.01","0.03"
5087,"0.01","0.02"
5088,"0.01","0.02"
5089,"0.01","0.03"
5090,"0.01","0.03"
5091,"0.01","0.03"
5092,"0.01","0.03"
5093,"0.01","0.03"
5094,"0.01","0.04"
5095,"0.01","0.04"
5096,"0.02","0.04"
5097,"0.02","0.04"
5098,"0.02","0.04"
5099,"0.02","0.04"
5100,"0.02","0.05"
5101,"0.02","0.05"
5102,"0.03","0.05"
5103,"0.02","0.05"
5104,"0.02","0.05"
5105,"0.02","0.05"
5106,"0.02","0.05"
5107,"0.02","0.05"
5108,"0.02","0.05"
5109,"0.02","0.05"
5110,"0.02","0.05"
5111,"0.02","0.05"
5112,"0.02","0.04"
5113,"0.02","0.04"
5114,"0.02","0.04"
5115,"0.01","0.04"
5116,"0.01","0.04"
5117,"0.01","0.04"
5118,"0.02","0.04"
5119,"0.02","0.04"
5120,"0.02","0.04"
5121,"0.02","0.04"
5122,"0.02","0.04"
5123,"0.02","0.05"
5124,"0.03","0.06"
5125,"0.03","0.06"
5126,"0.03","0.07"
5127,"0.03","0.07"
5128,"0.04","0.07"
5129,"0.03","0.06"
5130,"0.06","0.1"
5131,"0.06","0.1"
5132,"0.06","0.1"
5133,"0.07","0.1"
5134,"0.07","0.1"
5135,"0.07","0.1"
5136,"0.07","0.1"
5137,"0.07","0.11"
5138,"0.07","0.1"
5139,"0.04","0.07"
5140,"0.03","0.06"
5141,"0.03","0.05"
5142,"0.02","0.04"
5143,"0.02","0.04"
5144,"0.02","0.04"
5145,"0.02","0.04"
5146,"0.01","0.03"
5147,"0.01","0.03"
5148,"0.01","0.03"
5149,"0.01","0.03"
5150,"0.01","0.03"
5151,"0.01","0.03"
5152,"0.01","0.03"
5153,"0.01","0.03"
5154,"0.01","0.03"
5155,"0.01","0.03"
5156,"0.01","0.02"
5157,"0.01","0.02"
5158,"0.01","0.02"
5159,"0.0","0.02"
5160,"0.0","0.02"
5161,"0.01","0.02"
5162,"0.01","0.02"
5163,"0.0","0.02"
5164,"0.0","0.02"
5165,"0.0","0.02"
5166,"0.0","0.02"
5167,"0.0","0.02"
5168,"0.0","0.02"
5169,"0.0","0.02"
5170,"0.0","0.01"
5171,"0.0","0.02"
5172,"0.0","0.02"
5173,"0.0","0.02"
5174,"0.0","0.02"
5175,"0.01","0.02"
5176,"0.01","0.02"
5177,"0.01","0.02"
5178,"0.01","0.02"
5179,"0.01","0.02"
5180,"0.01","0.03"
5181,"0.01","0.03"
5182,"0.01","0.03"
5183,"0.01","0.03"
5184,"0.01","0.04"
5185,"0.01","0.04"
5186,"0.01","0.04"
5187,"0.01","0.04"
5188,"0.02","0.04"
5189,"0.02","0.04"
5190,"0.02","0.05"
5191,"0.02","0.05"
5192,"0.02","0.05"
5193,"0.02","0.05"
5194,"0.03","0.05"
5195,"0.02","0.05"
5196,"0.02","0.05"
5197,"0.02","0.05"
5198,"0.02","0.04"
5199,"0.02","0.04"
5200,"0.02","0.04"
5201,"0.01","0.04"
5202,"0.01","0.04"
5203,"0.01","0.03"
5204,"0.01","0.03"
5205,"0.01","0.03"
5206,"0.01","0.03"
5207,"0.01","0.04"
5208,"0.01","0.04"
5209,"0.01","0.03"
5210,"0.01","0.03"
5211,"0.02","0.05"
5212,"0.02","0.05"
5213,"0.02","0.05"
5214,"0.02","0.05"
5215,"0.03","0.05"
5216,"0.03","0.06"
5217,"0.03","0.06"
5218,"0.03","0.06"
5219,"0.03","0.06"
5220,"0.03","0.06"
5221,"0.04","0.07"
5222,"0.04","0.07"
5223,"0.04","0.07"
5224,"0.04","0.07"
5225,"0.04","0.07"
5226,"0.04","0.07"
5227,"0.03","0.06"
5228,"0.03","0.06"
5229,"0.03","0.06"
5230,"0.02","0.05"
5231,"0.02","0.04"
5232,"0.02","0.04"
5233,"0.02","0.04"
5234,"0.02","0.04"
5235,"0.01","0.04"
5236,"0.02","0.04"
5237,"0.01","0.02"
5238,"0.01","0.02"
5239,"0.0","0.02"
5240,"0.0","0.02"
5241,"0.0","0.02"
5242,"0.01","0.02"
5243,"0.01","0.03"
5244,"0.01","0.03"
5245,"0.01","0.02"
5246,"0.02","0.04"
5247,"0.02","0.04"
5248,"0.02","0.04"
5249,"0.02","0.04"
5250,"0.02","0.04"
5251,"0.02","0.04"
5252,"0.02","0.04"
5253,"0.02","0.05"
5254,"0.02","0.05"
5255,"0.02","0.05"
5256,"0.02","0.05"
5257,"0.02","0.05"
5258,"0.02","0.05"
5259,"0.02","0.05"
5260,"0.02","0.05"
5261,"0.01","0.04"
5262,"0.01","0.03"
5263,"0.01","0.03"
5264,"0.01","0.03"
5265,"0.01","0.03"
5266,"0.01","0.02"
5267,"0.01","0.04"
5268,"0.01","0.04"
5269,"0.01","0.04"
5270,"0.01","0.03"
5271,"0.01","0.04"
5272,"0.01","0.04"
5273,"0.01","0.04"
5274,"0.01","0.03"
5275,"0.02","0.04"
5276,"0.02","0.04"
5277,"0.01","0.03"
5278,"0.01","0.03"
5279,"0.01","0.03"
5280,"0.01","0.03"
5281,"0.01","0.04"
5282,"0.02","0.04"
5283,"0.02","0.04"
5284,"0.01","0.03"
5285,"0.01","0.03"
5286,"0.01","0.03"
5287,"0.01","0.04"
5288,"0.01","0.04"
5289,"0.01","0.04"
5290,"0.01","0.04"
5291,"0.02","0.05"
5292,"0.02","0.05"
5293,"0.02","0.05"
5294,"0.02","0.05"
5295,"0.02","0.05"
5296,"0.02","0.04"
5297,"0.01","0.03"
5298,"0.02","0.04"
5299,"0.02","0.05"
5300,"0.03","0.05"
5301,"0.03","0.05"
5302,"0.03","0.06"
5303,"0.03","0.06"
5304,"0.04","0.07"
5305,"0.04","0.07"
5306,"0.04","0.07"
5307,"0.04","0.07"
5308,"0.03","0.06"
5309,"0.03","0.06"
5310,"0.03","0.06"
5311,"0.03","0.06"
5312,"0.03","0.06"
5313,"0.02","0.05"
5314,"0.02","0.05"
5315,"0.02","0.04"
5316,"0.02","0.04"
5317,"0.01","0.03"
5318,"0.01","0.03"
5319,"0.01","0.03"
5320,"0.01","0.03"
5321,"0.01","0.02"
5322,"0.01","0.03"
5323,"0.01","0.03"
5324,"0.01","0.02"
5325,"0.01","0.02"
5326,"0.01","0.02"
5327,"0.01","0.02"
5328,"0.01","0.02"
5329,"0.0","0.02"
5330,"0.0","0.02"
5331,"0.0","0.01"
5332,"0.0","0.01"
5333,"0.0","0.01"
5334,"0.0","0.01"
5335,"0.0","0.01"
5336,"0.0","0.01"
5337,"0.0","0.01"
5338,"0.0","0.01"
5339,"0.0","0.01"
5340,"0.0","0.01"
5341,"0.0","0.01"
5342,"0.0","0.01"
5343,"0.0","0.01"
5344,"0.0","0.01"
5345,"0.0","0.02"
5346,"0.0","0.02"
5347,"0.0","0.01"
5348,"0.0","0.01"
5349,"0.0","0.01"
5350,"0.0","0.01"
5351,"0.0","0.01"
5352,"0.0","0.01"
5353,"0.0","0.01"
5354,"0.0","0.01"
5355,"0.0","0.01"
5356,"0.0","0.02"
5357,"0.0","0.02"
5358,"0.01","0.02"
5359,"0.0","0.02"
5360,"0.0","0.02"
5361,"0.0","0.02"
5362,"0.0","0.02"
5363,"0.0","0.02"
5364,"0.0","0.02"
5365,"0.01","0.02"
5366,"0.01","0.03"
5367,"0.01","0.03"
5368,"0.01","0.03"
5369,"0.01","0.03"
5370,"0.01","0.03"
5371,"0.01","0.03"
5372,"0.01","0.03"
5373,"0.01","0.03"
5374,"0.01","0.03"
5375,"0.01","0.03"
5376,"0.01","0.03"
5377,"0.01","0.03"
5378,"0.01","0.03"
5379,"0.01","0.03"
5380,"0.01","0.03"
5381,"0.01","0.03"
5382,"0.01","0.03"
5383,"0.01","0.03"
5384,"0.01","0.03"
5385,"0.01","0.03"
5386,"0.01","0.03"
5387,"0.01","0.03"
5388,"0.01","0.02"
5389,"0.01","0.02"
5390,"0.01","0.02"
5391,"0.01","0.02"
5392,"0.01","0.02"
5393,"0.01","0.02"
5394,"0.0","0.02"
5395,"0.0","0.02"
5396,"0.0","0.01"
5397,"0.0","0.01"
5398,"0.0","0.01"
5399,"0.0","0.01"
5400,"0.0","0.01"
5401,"0.0","0.01"
5402,"0.0","0.01"
5403,"0.0","0.01"
5404,"0.0","0.01"
5405,"0.0","0.02"
5406,"0.0","0.01"
5407,"0.0","0.01"
5408,"0.0","0.01"
5409,"0.0","0.01"
5410,"0.0","0.01"
5411,"0.0","0.01"
5412,"0.0","0.01"
5413,"0.0","0.01"
5414,"0.0","0.01"
5415,"0.0","0.01"
5416,"0.01","0.02"
5417,"0.01","0.03"
5418,"0.02","0.04"
5419,"0.03","0.05"
5420,"0.03","0.06"
5421,"0.04","0.07"
5422,"0.04","0.08"
5423,"0.05","0.08"
5424,"0.05","0.09"
5425,"0.05","0.09"
5426,"0.05","0.09"
5427,"0.05","0.09"
5428,"0.05","0.09"
5429,"0.05","0.09"
5430,"0.05","0.09"
5431,"0.05","0.09"
5432,"0.05","0.08"
5433,"0.04","0.07"
5434,"0.04","0.07"
5435,"0.03","0.06"
5436,"0.02","0.05"
5437,"0.02","0.04"
5438,"0.01","0.03"
5439,"0.01","0.03"
5440,"0.01","0.02"
5441,"0.01","0.02"
5442,"0.01","0.02"
5443,"0.01","0.02"
5444,"0.01","0.02"
5445,"0.01","0.02"
5446,"0.01","0.02"
5447,"0.01","0.02"
5448,"0.01","0.02"
5449,"0.01","0.02"
5450,"0.01","0.02"
5451,"0.01","0.02"
5452,"0.01","0.03"
5453,"0.01","0.03"
5454,"0.01","0.03"
5455,"0.02","0.05"
5456,"0.02","0.05"
5457,"0.02","0.05"
5458,"0.02","0.05"
5459,"0.03","0.05"
5460,"0.03","0.05"
5461,"0.03","0.05"
5462,"0.03","0.05"
5463,"0.03","0.06"
5464,"0.02","0.05"
5465,"0.02","0.05"
5466,"0.03","0.06"
5467,"0.02","0.05"
5468,"0.02","0.05"
5469,"0.02","0.04"
5470,"0.04","0.07"
5471,"0.04","0.07"
5472,"0.05","0.08"
5473,"0.05","0.08"
5474,"0.05","0.08"
5475,"0.05","0.08"
5476,"0.05","0.09"
5477,"0.05","0.08"
5478,"0.05","0.09"
5479,"0.03","0.06"
5480,"0.04","0.07"
5481,"0.03","0.07"
5482,"0.03","0.07"
5483,"0.04","0.07"
5484,"0.04","0.07"
5485,"0.04","0.07"
5486,"0.04","0.07"
5487,"0.03","0.06"
5488,"0.03","0.06"
5489,"0.03","0.06"
5490,"0.03","0.06"
5491,"0.03","0.05"
5492,"0.03","0.06"
5493,"0.02","0.05"
5494,"0.02","0.05"
5495,"0.02","0.04"
5496,"0.02","0.04"
5497,"0.02","0.04"
5498,"0.01","0.03"
5499,"0.01","0.03"
5500,"0.01","0.03"
5501,"0.01","0.03"
5502,"0.01","0.03"
5503,"0.01","0.03"
5504,"0.01","0.03"
5505,"0.01","0.02"
5506,"0.01","0.02"
5507,"0.0","0.02"
5508,"0.01","0.02"
5509,"0.01","0.02"
5510,"0.01","0.03"
5511,"0.01","0.03"
5512,"0.01","0.03"
5513,"0.01","0.03"
5514,"0.02","0.04"
5515,"0.02","0.04"
5516,"0.02","0.04"
5517,"0.02","0.04"
5518,"0.02","0.04"
5519,"0.02","0.04"
5520,"0.02","0.04"
5521,"0.02","0.05"
5522,"0.02","0.05"
5523,"0.02","0.05"
5524,"0.02","0.05"
5525,"0.02","0.05"
5526,"0.02","0.04"
5527,"0.02","0.04"
5528,"0.02","0.04"
5529,"0.01","0.04"
5530,"0.01","0.03"
5531,"0.01","0.03"
5532,"0.01","0.03"
5533,"0.02","0.04"
5534,"0.02","0.04"
5535,"0.02","0.04"
5536,"0.02","0.04"
5537,"0.02","0.04"
5538,"0.02","0.04"
5539,"0.01","0.03"
5540,"0.01","0.03"
5541,"0.01","0.03"
5542,"0.02","0.04"
5543,"0.01","0.03"
5544,"0.01","0.02"
5545,"0.01","0.02"
5546,"0.01","0.02"
5547,"0.01","0.03"
5548,"0.01","0.03"
5549,"0.01","0.02"
5550,"0.01","0.02"
5551,"0.01","0.02"
5552,"0.01","0.02"
5553,"0.01","0.02"
5554,"0.01","0.02"
5555,"0.01","0.03"
5556,"0.01","0.03"
5557,"0.01","0.03"
5558,"0.01","0.03"
5559,"0.01","0.04"
5560,"0.02","0.04"
5561,"0.02","0.04"
5562,"0.02","0.04"
5563,"0.02","0.04"
5564,"0.02","0.04"
5565,"0.02","0.04"
5566,"0.02","0.04"
5567,"0.02","0.04"
5568,"0.02","0.04"
5569,"0.02","0.04"
5570,"0.02","0.04"
5571,"0.02","0.04"
5572,"0.02","0.04"
5573,"0.02","0.04"
5574,"0.02","0.04"
5575,"0.02","0.04"
5576,"0.02","0.05"
5577,"0.03","0.06"
5578,"0.03","0.07"
5579,"0.04","0.07"
5580,"0.04","0.08"
5581,"0.04","0.08"
5582,"0.05","0.08"
5583,"0.04","0.08"
5584,"0.05","0.08"
5585,"0.05","0.09"
5586,"0.05","0.08"
5587,"0.05","0.08"
5588,"0.04","0.08"
5589,"0.05","0.08"
5590,"0.04","0.08"
5591,"0.04","0.08"
5592,"0.04","0.07"
5593,"0.03","0.06"
5594,"0.03","0.06"
5595,"0.03","0.05"
5596,"0.02","0.05"
5597,"0.02","0.04"
5598,"0.02","0.04"
5599,"0.03","0.06"
5600,"0.03","0.05"
5601,"0.03","0.06"
5602,"0.03","0.06"
5603,"0.03","0.05"
5604,"0.04","0.07"
5605,"0.04","0.07"
5606,"0.05","0.08"
5607,"0.05","0.08"
5608,"0.05","0.08"
5609,"0.04","0.07"
5610,"0.04","0.07"
5611,"0.04","0.07"
5612,"0.04","0.07"
5613,"0.04","0.07"
5614,"0.03","0.05"
5615,"0.03","0.05"
5616,"0.03","0.05"
5617,"0.03","0.05"
5618,"0.03","0.05"
5619,"0.01","0.04"
5620,"0.02","0.04"
5621,"0.0","0.02"
5622,"0.0","0.02"
5623,"0.0","0.02"
5624,"0.0","0.02"
5625,"0.01","0.02"
5626,"0.01","0.02"
5627,"0.01","0.02"
5628,"0.01","0.02"
5629,"0.0","0.02"
5630,"0.01","0.02"
5631,"0.0","0.02"
5632,"0.0","0.02"
5633,"0.0","0.02"
5634,"0.0","0.02"
5635,"0.0","0.02"
5636,"0.0","0.02"
5637,"0.0","0.02"
5638,"0.01","0.02"
5639,"0.01","0.02"
5640,"0.01","0.02"
5641,"0.01","0.02"
5642,"0.0","0.02"
5643,"0.0","0.02"
5644,"0.0","0.02"
5645,"0.0","0.02"
5646,"0.0","0.02"
5647,"0.0","0.02"
5648,"0.0","0.02"
5649,"0.0","0.02"
5650,"0.0","0.02"
5651,"0.0","0.02"
5652,"0.01","0.02"
5653,"0.0","0.02"
5654,"0.0","0.02"
5655,"0.0","0.02"
5656,"0.0","0.02"
5657,"0.0","0.02"
5658,"0.01","0.02"
5659,"0.01","0.03"
5660,"0.01","0.03"
5661,"0.01","0.03"
5662,"0.02","0.04"
5663,"0.02","0.05"
5664,"0.02","0.05"
5665,"0.03","0.05"
5666,"0.03","0.05"
5667,"0.03","0.05"
5668,"0.03","0.05"
5669,"0.02","0.05"
5670,"0.02","0.05"
5671,"0.02","0.05"
5672,"0.02","0.05"
5673,"0.02","0.05"
5674,"0.02","0.05"
5675,"0.02","0.05"
5676,"0.02","0.05"
5677,"0.02","0.04"
5678,"0.02","0.04"
5679,"0.01","0.03"
5680,"0.01","0.03"
5681,"0.01","0.03"
5682,"0.01","0.02"
5683,"0.01","0.02"
5684,"0.01","0.02"
5685,"0.01","0.02"
5686,"0.01","0.03"
5687,"0.01","0.03"
5688,"0.01","0.03"
5689,"0.01","0.03"
5690,"0.02","0.04"
5691,"0.02","0.04"
5692,"0.02","0.04"
5693,"0.02","0.04"
5694,"0.02","0.05"
5695,"0.02","0.05"
5696,"0.03","0.05"
5697,"0.03","0.06"
5698,"0.03","0.06"
5699,"0.03","0.06"
5700,"0.03","0.06"
5701,"0.03","0.06"
5702,"0.03","0.06"
5703,"0.03","0.06"
5704,"0.03","0.05"
5705,"0.02","0.05"
5706,"0.02","0.05"
5707,"0.02","0.05"
5708,"0.02","0.04"
5709,"0.02","0.04"
5710,"0.02","0.05"
5711,"0.02","0.05"
5712,"0.02","0.05"
5713,"0.02","0.05"
5714,"0.02","0.04"
5715,"0.02","0.05"
5716,"0.02","0.05"
5717,"0.02","0.05"
5718,"0.02","0.05"
5719,"0.02","0.04"
5720,"0.02","0.04"
5721,"0.05","0.08"
5722,"0.05","0.08"
5723,"0.05","0.08"
5724,"0.05","0.08"
5725,"0.05","0.08"
5726,"0.05","0.08"
5727,"0.05","0.08"
5728,"0.05","0.08"
5729,"0.05","0.09"
5730,"0.02","0.05"
5731,"0.03","0.06"
5732,"0.03","0.06"
5733,"0.03","0.06"
5734,"0.03","0.07"
5735,"0.04","0.07"
5736,"0.04","0.07"
5737,"0.04","0.08"
5738,"0.04","0.08"
5739,"0.04","0.07"
5740,"0.04","0.07"
5741,"0.04","0.07"
5742,"0.04","0.08"
5743,"0.04","0.07"
5744,"0.03","0.07"
5745,"0.03","0.06"
5746,"0.02","0.05"
5747,"0.02","0.05"
5748,"0.02","0.04"
5749,"0.02","0.04"
5750,"0.01","0.04"
5751,"0.01","0.03"
5752,"0.01","0.03"
5753,"0.01","0.02"
5754,"0.01","0.02"
5755,"0.01","0.02"
5756,"0.01","0.02"
5757,"0.0","0.02"
5758,"0.0","0.02"
5759,"0.0","0.02"
5760,"0.0","0.02"
5761,"0.0","0.02"
5762,"0.01","0.03"
5763,"0.01","0.03"
5764,"0.02","0.04"
5765,"0.02","0.05"
5766,"0.02","0.05"
5767,"0.03","0.05"
5768,"0.03","0.06"
5769,"0.04","0.07"
5770,"0.05","0.09"
5771,"0.05","0.09"
5772,"0.07","0.11"
5773,"0.07","0.12"
5774,"0.08","0.12"
5775,"0.07","0.12"
5776,"0.09","0.13"
5777,"0.09","0.13"
5778,"0.08","0.13"
5779,"0.08","0.12"
5780,"0.08","0.12"
5781,"0.07","0.11"
5782,"0.06","0.1"
5783,"0.06","0.1"
5784,"0.05","0.09"
5785,"0.05","0.09"
5786,"0.04","0.07"
5787,"0.03","0.07"
5788,"0.03","0.06"
5789,"0.02","0.05"
5790,"0.02","0.05"
5791,"0.01","0.03"
5792,"0.01","0.03"
5793,"0.01","0.03"
5794,"0.01","0.03"
5795,"0.01","0.02"
5796,"0.0","0.02"
5797,"0.0","0.02"
5798,"0.0","0.02"
5799,"0.0","0.01"
5800,"0.0","0.01"
5801,"0.0","0.02"
5802,"0.0","0.02"
5803,"0.01","0.02"
5804,"0.01","0.03"
5805,"0.01","0.03"
5806,"0.01","0.03"
5807,"0.01","0.03"
5808,"0.01","0.03"
5809,"0.01","0.03"
5810,"0.01","0.03"
5811,"0.01","0.03"
5812,"0.01","0.04"
5813,"0.01","0.04"
5814,"0.01","0.04"
5815,"0.01","0.04"
5816,"0.01","0.03"
5817,"0.01","0.03"
5818,"0.01","0.03"
5819,"0.01","0.03"
5820,"0.01","0.02"
5821,"0.01","0.02"
5822,"0.01","0.02"
5823,"0.0","0.02"
5824,"0.0","0.02"
5825,"0.0","0.01"
5826,"0.0","0.02"
5827,"0.0","0.02"
5828,"0.0","0.02"
5829,"0.01","0.02"
5830,"0.01","0.02"
5831,"0.01","0.02"
5832,"0.01","0.02"
5833,"0.01","0.03"
5834,"0.01","0.03"
5835,"0.01","0.03"
5836,"0.01","0.03"
5837,"0.02","0.04"
5838,"0.02","0.05"
5839,"0.02","0.05"
5840,"0.02","0.05"
5841,"0.02","0.05"
5842,"0.02","0.05"
5843,"0.02","0.05"
5844,"0.02","0.05"
5845,"0.02","0.05"
5846,"0.02","0.05"
5847,"0.02","0.05"
5848,"0.02","0.05"
5849,"0.02","0.05"
5850,"0.03","0.05"
5851,"0.02","0.05"
5852,"0.03","0.06"
5853,"0.02","0.05"
5854,"0.02","0.05"
5855,"0.02","0.05"
5856,"0.02","0.05"
5857,"0.02","0.05"
5858,"0.02","0.05"
5859,"0.02","0.05"
5860,"0.02","0.05"
5861,"0.02","0.05"
5862,"0.02","0.05"
5863,"0.02","0.05"
5864,"0.03","0.05"
5865,"0.02","0.05"
5866,"0.02","0.05"
5867,"0.02","0.05"
5868,"0.02","0.05"
5869,"0.02","0.05"
5870,"0.02","0.05"
5871,"0.02","0.05"
5872,"0.02","0.05"
5873,"0.02","0.05"
5874,"0.02","0.05"
5875,"0.02","0.05"
5876,"0.02","0.05"
5877,"0.02","0.05"
5878,"0.02","0.05"
5879,"0.01","0.04"
5880,"0.01","0.04"
5881,"0.01","0.04"
5882,"0.03","0.06"
5883,"0.02","0.05"
5884,"0.02","0.04"
5885,"0.02","0.04"
5886,"0.02","0.04"
5887,"0.02","0.04"
5888,"0.02","0.04"
5889,"0.01","0.04"
5890,"0.02","0.04"
5891,"0.02","0.04"
5892,"0.02","0.04"
5893,"0.02","0.04"
5894,"0.02","0.04"
5895,"0.02","0.05"
5896,"0.02","0.05"
5897,"0.01","0.03"
5898,"0.01","0.04"
5899,"0.02","0.04"
5900,"0.02","0.04"
5901,"0.02","0.04"
5902,"0.02","0.04"
5903,"0.02","0.05"
5904,"0.02","0.05"
5905,"0.02","0.05"
5906,"0.02","0.05"
5907,"0.02","0.05"
5908,"0.02","0.05"
5909,"0.02","0.05"
5910,"0.03","0.06"
5911,"0.03","0.06"
5912,"0.03","0.06"
5913,"0.03","0.07"
5914,"0.04","0.07"
5915,"0.04","0.07"
5916,"0.05","0.09"
5917,"0.05","0.09"
5918,"0.06","0.09"
5919,"0.05","0.09"
5920,"0.05","0.09"
5921,"0.05","0.09"
5922,"0.05","0.09"
5923,"0.05","0.09"
5924,"0.05","0.09"
5925,"0.03","0.07"
5926,"0.02","0.05"
5927,"0.02","0.05"
5928,"0.02","0.04"
5929,"0.02","0.04"
5930,"0.01","0.03"
5931,"0.01","0.03"
5932,"0.01","0.03"
5933,"0.0","0.02"
5934,"0.0","0.02"
5935,"0.0","0.02"
5936,"0.0","0.02"
5937,"0.0","0.02"
5938,"0.0","0.02"
5939,"0.0","0.02"
5940,"0.0","0.02"
5941,"0.0","0.02"
5942,"0.0","0.02"
5943,"0.0","0.02"
5944,"0.0","0.02"
5945,"0.0","0.02"
5946,"0.0","0.02"
5947,"0.0","0.02"
5948,"0.0","0.02"
5949,"0.0","0.02"
5950,"0.0","0.02"
5951,"0.0","0.02"
5952,"0.01","0.02"
5953,"0.01","0.02"
5954,"0.01","0.02"
5955,"0.01","0.02"
5956,"0.0","0.02"
5957,"0.0","0.02"
5958,"0.0","0.02"
5959,"0.0","0.02"
5960,"0.0","0.02"
5961,"0.01","0.02"
5962,"0.01","0.02"
5963,"0.01","0.02"
5964,"0.01","0.02"
5965,"0.01","0.02"
5966,"0.01","0.02"
5967,"0.0","0.02"
5968,"0.0","0.02"
5969,"0.0","0.02"
5970,"0.0","0.02"
5971,"0.0","0.02"
5972,"0.0","0.02"
5973,"0.0","0.02"
5974,"0.0","0.02"
5975,"0.0","0.02"
5976,"0.0","0.02"
5977,"0.0","0.02"
5978,"0.01","0.02"
5979,"0.01","0.02"
5980,"0.01","0.03"
5981,"0.01","0.03"
5982,"0.01","0.03"
5983,"0.01","0.04"
5984,"0.02","0.04"
5985,"0.02","0.04"
5986,"0.02","0.04"
5987,"0.02","0.05"
5988,"0.02","0.05"
5989,"0.02","0.05"
5990,"0.03","0.05"
5991,"0.03","0.06"
5992,"0.03","0.06"
5993,"0.03","0.05"
5994,"0.03","0.06"
5995,"0.02","0.05"
5996,"0.02","0.05"
5997,"0.02","0.05"
5998,"0.02","0.04"
5999,"0.02","0.04"
6000,"0.01","0.03"
6001,"0.01","0.03"
6002,"0.02","0.04"
6003,"0.02","0.04"
6004,"0.02","0.04"
6005,"0.01","0.04"
6006,"0.02","0.04"
6007,"0.02","0.04"
6008,"0.02","0.04"
6009,"0.01","0.04"
6010,"0.02","0.04"
6011,"0.01","0.04"
6012,"0.02","0.04"
6013,"0.01","0.04"
6014,"0.01","0.04"
6015,"0.01","0.03"
6016,"0.01","0.03"
6017,"0.0","0.02"
6018,"0.01","0.02"
6019,"0.0","0.02"
6020,"0.0","0.02"
6021,"0.0","0.02"
6022,"0.01","0.02"
6023,"0.01","0.02"
6024,"0.01","0.02"
6025,"0.01","0.02"
6026,"0.01","0.02"
6027,"0.0","0.02"
6028,"0.0","0.02"
6029,"0.0","0.02"
6030,"0.0","0.02"
6031,"0.01","0.02"
6032,"0.01","0.02"
6033,"0.01","0.02"
6034,"0.01","0.02"
6035,"0.01","0.02"
6036,"0.01","0.02"
6037,"0.01","0.02"
6038,"0.0","0.02"
6039,"0.0","0.02"
6040,"0.0","0.02"
6041,"0.0","0.02"
6042,"0.01","0.03"
6043,"0.01","0.03"
6044,"0.01","0.03"
6045,"0.01","0.03"
6046,"0.01","0.03"
6047,"0.02","0.04"
6048,"0.02","0.04"
6049,"0.02","0.05"
6050,"0.03","0.05"
6051,"0.03","0.06"
6052,"0.03","0.06"
6053,"0.03","0.07"
6054,"0.04","0.07"
6055,"0.04","0.07"
6056,"0.04","0.08"
6057,"0.05","0.08"
6058,"0.05","0.08"
6059,"0.04","0.08"
6060,"0.04","0.08"
6061,"0.04","0.08"
6062,"0.04","0.07"
6063,"0.04","0.07"
6064,"0.03","0.07"
6065,"0.03","0.06"
6066,"0.02","0.05"
6067,"0.02","0.05"
6068,"0.02","0.04"
6069,"0.02","0.04"
6070,"0.02","0.04"
6071,"0.02","0.04"
6072,"0.01","0.03"
6073,"0.01","0.03"
6074,"0.0","0.02"
6075,"0.0","0.02"
6076,"0.0","0.02"
6077,"0.0","0.01"
6078,"0.0","0.02"
6079,"0.0","0.02"
6080,"0.0","0.02"
6081,"0.01","0.02"
6082,"0.01","0.02"
6083,"0.01","0.02"
6084,"0.01","0.02"
6085,"0.01","0.02"
6086,"0.01","0.02"
6087,"0.0","0.02"
6088,"0.02","0.04"
6089,"0.02","0.04"
6090,"0.02","0.04"
6091,"0.02","0.05"
6092,"0.02","0.05"
6093,"0.02","0.05"
6094,"0.02","0.05"
6095,"0.02","0.05"
6096,"0.02","0.05"
6097,"0.02","0.05"
6098,"0.02","0.05"
6099,"0.02","0.05"
6100,"0.02","0.05"
6101,"0.02","0.05"
6102,"0.03","0.06"
6103,"0.01","0.03"
6104,"0.01","0.03"
6105,"0.01","0.03"
6106,"0.01","0.03"
6107,"0.01","0.03"
6108,"0.01","0.03"
6109,"0.02","0.04"
6110,"0.02","0.04"
6111,"0.01","0.04"
6112,"0.01","0.04"
6113,"0.01","0.04"
6114,"0.01","0.04"
6115,"0.01","0.03"
6116,"0.02","0.04"
6117,"0.01","0.03"
6118,"0.0","0.02"
6119,"0.0","0.02"
6120,"0.0","0.02"
6121,"0.0","0.02"
6122,"0.0","0.02"
6123,"0.0","0.02"
6124,"0.01","0.02"
6125,"0.0","0.02"
6126,"0.0","0.02"
6127,"0.01","0.02"
6128,"0.01","0.02"
6129,"0.01","0.03"
6130,"0.01","0.02"
6131,"0.01","0.02"
6132,"0.01","0.02"
6133,"0.01","0.03"
6134,"0.01","0.03"
6135,"0.01","0.03"
6136,"0.01","0.03"
6137,"0.01","0.04"
6138,"0.01","0.04"
6139,"0.01","0.04"
6140,"0.01","0.04"
6141,"0.01","0.04"
6142,"0.01","0.04"
6143,"0.01","0.03"
6144,"0.01","0.03"
6145,"0.01","0.03"
6146,"0.02","0.04"
6147,"0.02","0.04"
6148,"0.03","0.06"
6149,"0.03","0.05"
6150,"0.03","0.05"
6151,"0.02","0.05"
6152,"0.02","0.05"
6153,"0.02","0.05"
6154,"0.03","0.05"
6155,"0.02","0.05"
6156,"0.02","0.05"
6157,"0.02","0.04"
6158,"0.02","0.05"
6159,"0.02","0.05"
6160,"0.02","0.05"
6161,"0.02","0.04"
6162,"0.02","0.04"
6163,"0.01","0.04"
6164,"0.01","0.04"
6165,"0.01","0.04"
6166,"0.01","0.03"
6167,"0.01","0.03"
6168,"0.01","0.03"
6169,"0.01","0.03"
6170,"0.01","0.03"
6171,"0.01","0.03"
6172,"0.01","0.03"
6173,"0.0","0.02"
6174,"0.0","0.02"
6175,"0.0","0.01"
6176,"0.0","0.01"
6177,"0.0","0.02"
6178,"0.0","0.02"
6179,"0.0","0.02"
6180,"0.01","0.02"
6181,"0.01","0.02"
6182,"0.01","0.02"
6183,"0.01","0.02"
6184,"0.01","0.02"
6185,"0.01","0.02"
6186,"0.0","0.02"
6187,"0.0","0.02"
6188,"0.0","0.02"
6189,"0.0","0.02"
6190,"0.0","0.02"
6191,"0.0","0.02"
6192,"0.0","0.02"
6193,"0.0","0.01"
6194,"0.0","0.01"
6195,"0.0","0.01"
6196,"0.0","0.01"
6197,"0.0","0.01"
6198,"0.0","0.01"
6199,"0.01","0.02"
6200,"0.01","0.02"
6201,"0.01","0.03"
6202,"0.01","0.03"
6203,"0.01","0.03"
6204,"0.01","0.03"
6205,"0.01","0.03"
6206,"0.01","0.03"
6207,"0.01","0.03"
6208,"0.01","0.03"
6209,"0.01","0.03"
6210,"0.01","0.03"
6211,"0.01","0.03"
6212,"0.01","0.03"
6213,"0.01","0.03"
6214,"0.02","0.04"
6215,"0.02","0.05"
6216,"0.02","0.05"
6217,"0.02","0.05"
6218,"0.02","0.05"
6219,"0.04","0.07"
6220,"0.04","0.07"
6221,"0.04","0.08"
6222,"0.04","0.08"
6223,"0.04","0.08"
6224,"0.05","0.09"
6225,"0.05","0.08"
6226,"0.04","0.08"
6227,"0.05","0.08"
6228,"0.04","0.08"
6229,"0.02","0.05"
6230,"0.02","0.05"
6231,"0.02","0.05"
6232,"0.02","0.04"
6233,"0.01","0.04"
6234,"0.01","0.04"
6235,"0.01","0.04"
6236,"0.01","0.03"
6237,"0.01","0.03"
6238,"0.01","0.03"
6239,"0.0","0.02"
6240,"0.0","0.02"
6241,"0.0","0.02"
6242,"0.0","0.02"
6243,"0.0","0.02"
6244,"0.01","0.02"
6245,"0.01","0.04"
6246,"0.02","0.05"
6247,"0.02","0.05"
6248,"0.02","0.05"
6249,"0.02","0.04"
6250,"0.02","0.04"
6251,"0.02","0.05"
6252,"0.02","0.05"
6253,"0.02","0.05"
6254,"0.01","0.04"
6255,"0.01","0.03"
6256,"0.01","0.03"
6257,"0.01","0.03"
6258,"0.01","0.02"
6259,"0.01","0.02"
6260,"0.01","0.02"
6261,"0.0","0.02"
6262,"0.01","0.02"
6263,"0.01","0.03"
6264,"0.01","0.03"
6265,"0.01","0.03"
6266,"0.01","0.03"
6267,"0.01","0.03"
6268,"0.01","0.03"
6269,"0.01","0.04"
6270,"0.02","0.04"
6271,"0.02","0.04"
6272,"0.02","0.05"
6273,"0.02","0.05"
6274,"0.02","0.05"
6275,"0.02","0.05"
6276,"0.02","0.05"
6277,"0.02","0.05"
6278,"0.02","0.05"
6279,"0.03","0.05"
6280,"0.03","0.06"
6281,"0.03","0.06"
6282,"0.03","0.06"
6283,"0.03","0.05"
6284,"0.02","0.05"
6285,"0.02","0.04"
6286,"0.02","0.04"
6287,"0.02","0.04"
6288,"0.02","0.04"
6289,"0.02","0.04"
6290,"0.02","0.04"
6291,"0.02","0.04"
6292,"0.02","0.04"
6293,"0.02","0.04"
6294,"0.02","0.04"
6295,"0.02","0.04"
6296,"0.01","0.03"
6297,"0.01","0.03"
6298,"0.01","0.03"
6299,"0.01","0.03"
6300,"0.01","0.03"
6301,"0.01","0.04"
6302,"0.02","0.04"
6303,"0.01","0.03"
6304,"0.01","0.03"
6305,"0.01","0.03"
6306,"0.01","0.02"
6307,"0.0","0.02"
6308,"0.0","0.02"
6309,"0.0","0.01"
6310,"0.0","0.01"
6311,"0.0","0.01"
6312,"0.0","0.01"
6313,"0.0","0.01"
6314,"0.0","0.02"
6315,"0.0","0.02"
6316,"0.0","0.01"
6317,"0.0","0.01"
6318,"0.0","0.01"
6319,"0.0","0.01"
6320,"0.0","0.01"
6321,"0.0","0.01"
6322,"0.0","0.02"
6323,"0.0","0.02"
6324,"0.0","0.02"
6325,"0.0","0.02"
6326,"0.0","0.02"
6327,"0.0","0.02"
6328,"0.0","0.02"
6329,"0.01","0.02"
6330,"0.01","0.03"
6331,"0.01","0.03"
6332,"0.01","0.03"
6333,"0.01","0.03"
6334,"0.01","0.03"
6335,"0.01","0.03"
6336,"0.01","0.03"
6337,"0.01","0.03"
6338,"0.01","0.03"
6339,"0.01","0.03"
6340,"0.01","0.03"
6341,"0.01","0.03"
6342,"0.01","0.03"
6343,"0.01","0.03"
6344,"0.01","0.03"
6345,"0.01","0.03"
6346,"0.01","0.02"
6347,"0.0","0.02"
6348,"0.0","0.02"
6349,"0.0","0.02"
6350,"0.01","0.02"
6351,"0.01","0.03"
6352,"0.01","0.03"
6353,"0.01","0.03"
6354,"0.01","0.03"
6355,"0.01","0.03"
6356,"0.01","0.03"
6357,"0.02","0.04"
6358,"0.02","0.04"
6359,"0.02","0.04"
6360,"0.02","0.04"
6361,"0.02","0.04"
6362,"0.02","0.04"
6363,"0.02","0.04"
6364,"0.02","0.04"
6365,"0.02","0.04"
6366,"0.02","0.04"
6367,"0.02","0.04"
6368,"0.01","0.04"
6369,"0.01","0.04"
6370,"0.01","0.03"
6371,"0.01","0.03"
6372,"0.01","0.03"
6373,"0.01","0.02"
6374,"0.01","0.02"
6375,"0.0","0.02"
6376,"0.01","0.03"
6377,"0.01","0.03"
6378,"0.02","0.04"
6379,"0.02","0.04"
6380,"0.02","0.05"
6381,"0.03","0.05"
6382,"0.03","0.06"
6383,"0.03","0.06"
6384,"0.03","0.07"
6385,"0.04","0.07"
6386,"0.04","0.07"
6387,"0.04","0.07"
6388,"0.04","0.07"
6389,"0.04","0.07"
6390,"0.03","0.07"
6391,"0.03","0.06"
6392,"0.03","0.06"
6393,"0.02","0.05"
6394,"0.02","0.04"
6395,"0.02","0.04"
6396,"0.01","0.03"
6397,"0.01","0.03"
6398,"0.01","0.03"
6399,"0.0","0.02"
6400,"0.0","0.02"
6401,"0.0","0.02"
6402,"0.01","0.02"
6403,"0.01","0.02"
6404,"0.01","0.02"
6405,"0.01","0.02"
6406,"0.01","0.03"
6407,"0.01","0.03"
6408,"0.01","0.03"
6409,"0.01","0.03"
6410,"0.01","0.03"
6411,"0.01","0.04"
6412,"0.02","0.05"
6413,"0.02","0.05"
6414,"0.02","0.05"
6415,"0.02","0.05"
6416,"0.02","0.05"
6417,"0.02","0.05"
6418,"0.02","0.05"
6419,"0.04","0.07"
6420,"0.05","0.09"
6421,"0.05","0.08"
6422,"0.05","0.08"
6423,"0.05","0.08"
6424,"0.05","0.08"
6425,"0.05","0.08"
6426,"0.05","0.08"
6427,"0.04","0.07"
6428,"0.03","0.06"
6429,"0.03","0.06"
6430,"0.03","0.06"
6431,"0.03","0.06"
6432,"0.03","0.06"
6433,"0.03","0.06"
6434,"0.02","0.05"
6435,"0.01","0.02"
6436,"0.01","0.02"
6437,"0.01","0.03"
6438,"0.01","0.03"
6439,"0.01","0.03"
6440,"0.01","0.03"
6441,"0.01","0.03"
6442,"0.01","0.03"
6443,"0.01","0.03"
6444,"0.01","0.03"
6445,"0.01","0.03"
6446,"0.01","0.03"
6447,"0.01","0.03"
6448,"0.01","0.03"
6449,"0.01","0.03"
6450,"0.01","0.03"
6451,"0.01","0.03"
6452,"0.01","0.02"
6453,"0.01","0.03"
6454,"0.01","0.03"
6455,"0.01","0.03"
6456,"0.01","0.03"
6457,"0.01","0.03"
6458,"0.01","0.04"
6459,"0.01","0.04"
6460,"0.02","0.04"
6461,"0.02","0.04"
6462,"0.02","0.04"
6463,"0.02","0.04"
6464,"0.02","0.04"
6465,"0.02","0.04"
6466,"0.01","0.04"
6467,"0.01","0.04"
6468,"0.01","0.04"
6469,"0.01","0.03"
6470,"0.01","0.03"
6471,"0.01","0.04"
6472,"0.02","0.04"
6473,"0.01","0.04"
6474,"0.02","0.04"
6475,"0.01","0.04"
6476,"0.02","0.04"
6477,"0.01","0.04"
6478,"0.02","0.04"
6479,"0.02","0.04"
6480,"0.02","0.04"
6481,"0.02","0.05"
6482,"0.03","0.05"
6483,"0.02","0.05"
6484,"0.03","0.06"
6485,"0.03","0.06"
6486,"0.03","0.07"
6487,"0.04","0.07"
6488,"0.04","0.07"
6489,"0.04","0.07"
6490,"0.04","0.07"
6491,"0.04","0.07"
6492,"0.04","0.07"
6493,"0.04","0.07"
6494,"0.04","0.08"
6495,"0.03","0.07"
6496,"0.04","0.07"
6497,"0.03","0.06"
6498,"0.03","0.06"
6499,"0.03","0.06"
6500,"0.03","0.06"
6501,"0.03","0.06"
6502,"0.03","0.05"
6503,"0.02","0.05"
6504,"0.02","0.05"
6505,"0.02","0.05"
6506,"0.02","0.05"
6507,"0.02","0.05"
6508,"0.03","0.06"
6509,"0.03","0.06"
6510,"0.03","0.06"
6511,"0.03","0.06"
6512,"0.04","0.07"
6513,"0.05","0.08"
6514,"0.06","0.1"
6515,"0.07","0.11"
6516,"0.08","0.12"
6517,"0.08","0.12"
6518,"0.08","0.13"
6519,"0.08","0.13"
6520,"0.08","0.13"
6521,"0.08","0.12"
6522,"0.08","0.12"
6523,"0.07","0.11"
6524,"0.06","0.11"
6525,"0.06","0.09"
6526,"0.05","0.09"
6527,"0.05","0.08"
6528,"0.04","0.08"
6529,"0.04","0.07"
6530,"0.03","0.06"
6531,"0.02","0.05"
6532,"0.01","0.03"
6533,"0.01","0.03"
6534,"0.01","0.03"
6535,"0.01","0.03"
6536,"0.01","0.03"
6537,"0.01","0.03"
6538,"0.01","0.03"
6539,"0.01","0.03"
6540,"0.01","0.03"
6541,"0.01","0.03"
6542,"0.01","0.04"
6543,"0.01","0.04"
6544,"0.01","0.04"
6545,"0.01","0.03"
6546,"0.01","0.04"
6547,"0.01","0.04"
6548,"0.02","0.04"
6549,"0.02","0.05"
6550,"0.03","0.06"
6551,"0.03","0.07"
6552,"0.04","0.08"
6553,"0.04","0.07"
6554,"0.04","0.08"
6555,"0.04","0.08"
6556,"0.05","0.09"
6557,"0.05","0.09"
6558,"0.04","0.08"
6559,"0.04","0.08"
6560,"0.04","0.08"
6561,"0.04","0.08"
6562,"0.04","0.08"
6563,"0.04","0.07"
6564,"0.03","0.07"
6565,"0.03","0.06"
6566,"0.02","0.05"
6567,"0.02","0.04"
6568,"0.01","0.04"
6569,"0.01","0.03"
6570,"0.01","0.03"
6571,"0.01","0.03"
6572,"0.01","0.03"
6573,"0.01","0.03"
6574,"0.01","0.03"
6575,"0.01","0.03"
6576,"0.01","0.03"
6577,"0.01","0.03"
6578,"0.01","0.03"
6579,"0.01","0.03"
6580,"0.01","0.03"
6581,"0.01","0.03"
6582,"0.01","0.03"
6583,"0.01","0.03"
6584,"0.01","0.04"
6585,"0.01","0.03"
6586,"0.01","0.03"
6587,"0.01","0.03"
6588,"0.01","0.03"
6589,"0.0","0.02"
6590,"0.0","0.02"
6591,"0.0","0.02"
6592,"0.01","0.02"
6593,"0.01","0.03"
6594,"0.01","0.03"
6595,"0.01","0.02"
6596,"0.01","0.02"
6597,"0.01","0.02"
6598,"0.01","0.04"
6599,"0.01","0.04"
6600,"0.02","0.04"
6601,"0.02","0.04"
6602,"0.02","0.05"
6603,"0.02","0.05"
6604,"0.02","0.05"
6605,"0.02","0.05"
6606,"0.02","0.05"
6607,"0.02","0.05"
6608,"0.02","0.04"
6609,"0.02","0.04"
6610,"0.01","0.04"
6611,"0.02","0.04"
6612,"0.02","0.04"
6613,"0.02","0.04"
6614,"0.01","0.03"
6615,"0.01","0.03"
6616,"0.01","0.03"
6617,"0.01","0.03"
6618,"0.01","0.02"
6619,"0.01","0.03"
6620,"0.01","0.03"
6621,"0.01","0.03"
6622,"0.02","0.04"
6623,"0.02","0.04"
6624,"0.02","0.04"
6625,"0.02","0.04"
6626,"0.02","0.05"
6627,"0.02","0.05"
6628,"0.02","0.05"
6629,"0.03","0.06"
6630,"0.03","0.06"
6631,"0.03","0.07"
6632,"0.04","0.07"
6633,"0.04","0.07"
6634,"0.04","0.07"
6635,"0.04","0.07"
6636,"0.04","0.07"
6637,"0.03","0.07"
6638,"0.03","0.06"
6639,"0.03","0.06"
6640,"0.03","0.07"
6641,"0.03","0.06"
6642,"0.03","0.06"
6643,"0.03","0.06"
6644,"0.02","0.05"
6645,"0.02","0.05"
6646,"0.01","0.04"
6647,"0.01","0.03"
6648,"0.01","0.03"
6649,"0.01","0.03"
6650,"0.01","0.03"
6651,"0.01","0.03"
6652,"0.01","0.03"
6653,"0.01","0.03"
6654,"0.01","0.04"
6655,"0.01","0.03"
6656,"0.01","0.03"
6657,"0.01","0.03"
6658,"0.01","0.04"
6659,"0.01","0.04"
6660,"0.02","0.04"
6661,"0.02","0.04"
6662,"0.03","0.05"
6663,"0.03","0.06"
6664,"0.03","0.06"
6665,"0.03","0.07"
6666,"0.04","0.07"
6667,"0.04","0.07"
6668,"0.04","0.08"
6669,"0.04","0.07"
6670,"0.04","0.08"
6671,"0.04","0.08"
6672,"0.05","0.08"
6673,"0.04","0.08"
6674,"0.05","0.08"
6675,"0.04","0.08"
6676,"0.04","0.08"
6677,"0.03","0.06"
6678,"0.03","0.06"
6679,"0.03","0.06"
6680,"0.03","0.06"
6681,"0.03","0.06"
6682,"0.03","0.06"
6683,"0.02","0.05"
6684,"0.02","0.05"
6685,"0.02","0.04"
6686,"0.02","0.04"
6687,"0.01","0.03"
6688,"0.01","0.03"
6689,"0.01","0.03"
6690,"0.01","0.03"
6691,"0.01","0.03"
6692,"0.01","0.03"
6693,"0.01","0.02"
6694,"0.01","0.02"
6695,"0.0","0.02"
6696,"0.0","0.02"
6697,"0.0","0.01"
6698,"0.0","0.02"
6699,"0.0","0.01"
6700,"0.0","0.01"
6701,"0.0","0.02"
6702,"0.0","0.02"
6703,"0.01","0.03"
6704,"0.01","0.03"
6705,"0.01","0.04"
6706,"0.02","0.05"
6707,"0.03","0.06"
6708,"0.03","0.07"
6709,"0.03","0.07"
6710,"0.04","0.07"
6711,"0.04","0.08"
6712,"0.05","0.09"
6713,"0.05","0.09"
6714,"0.05","0.09"
6715,"0.06","0.1"
6716,"0.06","0.11"
6717,"0.07","0.11"
6718,"0.07","0.11"
6719,"0.06","0.11"
6720,"0.06","0.11"
6721,"0.05","0.1"
6722,"0.05","0.09"
6723,"0.05","0.09"
6724,"0.04","0.08"
6725,"0.04","0.08"
6726,"0.05","0.09"
6727,"0.04","0.08"
6728,"0.04","0.08"
6729,"0.03","0.07"
6730,"0.03","0.07"
6731,"0.03","0.06"
6732,"0.03","0.06"
6733,"0.02","0.05"
6734,"0.02","0.05"
6735,"0.02","0.04"
6736,"0.02","0.04"
6737,"0.01","0.04"
6738,"0.02","0.04"
6739,"0.01","0.04"
6740,"0.02","0.05"
6741,"0.02","0.04"
6742,"0.02","0.05"
6743,"0.02","0.05"
6744,"0.03","0.05"
6745,"0.03","0.06"
6746,"0.03","0.06"
6747,"0.03","0.06"
6748,"0.03","0.07"
6749,"0.07","0.11"
6750,"0.08","0.12"
6751,"0.09","0.13"
6752,"0.09","0.14"
6753,"0.09","0.13"
6754,"0.09","0.13"
6755,"0.08","0.13"
6756,"0.08","0.12"
6757,"0.08","0.12"
6758,"0.06","0.1"
6759,"0.04","0.07"
6760,"0.04","0.07"
6761,"0.04","0.07"
6762,"0.03","0.06"
6763,"0.03","0.06"
6764,"0.03","0.06"
6765,"0.02","0.05"
6766,"0.01","0.03"
6767,"0.01","0.03"
6768,"0.01","0.03"
6769,"0.01","0.03"
6770,"0.01","0.03"
6771,"0.01","0.03"
6772,"0.01","0.03"
6773,"0.01","0.02"
6774,"0.01","0.02"
6775,"0.01","0.02"
6776,"0.01","0.02"
6777,"0.01","0.02"
6778,"0.01","0.03"
6779,"0.01","0.02"
6780,"0.01","0.03"
6781,"0.01","0.03"
6782,"0.01","0.03"
6783,"0.01","0.03"
6784,"0.01","0.03"
6785,"0.01","0.03"
6786,"0.01","0.03"
6787,"0.01","0.03"
6788,"0.01","0.03"
6789,"0.01","0.04"
6790,"0.02","0.04"
6791,"0.01","0.04"
6792,"0.02","0.04"
6793,"0.02","0.04"
6794,"0.02","0.04"
6795,"0.02","0.04"
6796,"0.02","0.04"
6797,"0.02","0.04"
6798,"0.02","0.04"
6799,"0.01","0.04"
6800,"0.01","0.04"
6801,"0.01","0.04"
6802,"0.01","0.03"
6803,"0.01","0.03"
6804,"0.01","0.03"
6805,"0.01","0.03"
6806,"0.01","0.04"
6807,"0.01","0.04"
6808,"0.01","0.03"
6809,"0.01","0.03"
6810,"0.01","0.03"
6811,"0.01","0.03"
6812,"0.01","0.03"
6813,"0.01","0.03"
6814,"0.01","0.03"
6815,"0.01","0.03"
6816,"0.01","0.02"
6817,"0.01","0.03"
6818,"0.01","0.03"
6819,"0.01","0.03"
6820,"0.01","0.03"
6821,"0.01","0.03"
6822,"0.01","0.04"
6823,"0.01","0.03"
6824,"0.01","0.03"
6825,"0.01","0.03"
6826,"0.01","0.04"
6827,"0.02","0.04"
6828,"0.02","0.04"
6829,"0.02","0.04"
6830,"0.02","0.05"
6831,"0.02","0.05"
6832,"0.02","0.05"
6833,"0.02","0.05"
6834,"0.02","0.05"
6835,"0.02","0.05"
6836,"0.02","0.05"
6837,"0.02","0.04"
6838,"0.02","0.04"
6839,"0.02","0.04"
6840,"0.01","0.04"
6841,"0.01","0.04"
6842,"0.01","0.03"
6843,"0.01","0.03"
6844,"0.01","0.03"
6845,"0.01","0.03"
6846,"0.01","0.02"
6847,"0.0","0.02"
6848,"0.01","0.02"
6849,"0.01","0.02"
6850,"0.01","0.02"
6851,"0.01","0.03"
6852,"0.01","0.03"
6853,"0.01","0.03"
6854,"0.01","0.03"
6855,"0.01","0.03"
6856,"0.01","0.03"
6857,"0.01","0.03"
6858,"0.01","0.03"
6859,"0.01","0.03"
6860,"0.01","0.02"
6861,"0.01","0.02"
6862,"0.01","0.02"
6863,"0.01","0.02"
6864,"0.01","0.02"
6865,"0.01","0.02"
6866,"0.01","0.02"
6867,"0.01","0.02"
6868,"0.01","0.02"
6869,"0.0","0.02"
6870,"0.0","0.02"
6871,"0.01","0.03"
6872,"0.01","0.03"
6873,"0.01","0.03"
6874,"0.01","0.03"
6875,"0.01","0.03"
6876,"0.01","0.03"
6877,"0.01","0.03"
6878,"0.01","0.02"
6879,"0.0","0.02"
6880,"0.0","0.02"
6881,"0.0","0.02"
6882,"0.0","0.02"
6883,"0.0","0.02"
6884,"0.0","0.02"
6885,"0.0","0.02"
6886,"0.01","0.02"
6887,"0.0","0.02"
6888,"0.01","0.03"
6889,"0.01","0.03"
6890,"0.01","0.03"
6891,"0.01","0.04"
6892,"0.02","0.04"
6893,"0.02","0.05"
6894,"0.02","0.05"
6895,"0.02","0.05"
6896,"0.03","0.06"
6897,"0.03","0.06"
6898,"0.03","0.06"
6899,"0.03","0.07"
6900,"0.04","0.07"
6901,"0.04","0.07"
6902,"0.04","0.08"
6903,"0.04","0.08"
6904,"0.04","0.08"
6905,"0.04","0.08"
6906,"0.05","0.09"
6907,"0.04","0.08"
6908,"0.05","0.09"
6909,"0.05","0.1"
6910,"0.06","0.1"
6911,"0.05","0.09"
6912,"0.05","0.09"
6913,"0.05","0.09"
6914,"0.05","0.09"
6915,"0.05","0.08"
6916,"0.05","0.08"
6917,"0.04","0.08"
6918,"0.04","0.07"
6919,"0.04","0.07"
6920,"0.04","0.07"
6921,"0.03","0.06"
6922,"0.03","0.06"
6923,"0.03","0.06"
6924,"0.02","0.05"
6925,"0.02","0.04"
6926,"0.02","0.05"
6927,"0.02","0.05"
6928,"0.03","0.06"
6929,"0.03","0.06"
6930,"0.03","0.06"
6931,"0.03","0.06"
6932,"0.03","0.06"
6933,"0.03","0.07"
6934,"0.04","0.08"
6935,"0.04","0.08"
6936,"0.04","0.08"
6937,"0.04","0.08"
6938,"0.05","0.08"
6939,"0.05","0.08"
6940,"0.04","0.08"
6941,"0.04","0.08"
6942,"0.04","0.07"
6943,"0.04","0.07"
6944,"0.03","0.06"
6945,"0.03","0.06"
6946,"0.03","0.05"
6947,"0.02","0.05"
6948,"0.02","0.05"
6949,"0.01","0.04"
6950,"0.01","0.03"
6951,"0.01","0.03"
6952,"0.01","0.03"
6953,"0.01","0.02"
6954,"0.01","0.02"
6955,"0.0","0.02"
6956,"0.0","0.02"
6957,"0.0","0.02"
6958,"0.01","0.02"
6959,"0.0","0.02"
6960,"0.01","0.02"
6961,"0.01","0.02"
6962,"0.01","0.03"
6963,"0.01","0.03"
6964,"0.01","0.03"
6965,"0.01","0.03"
6966,"0.01","0.03"
6967,"0.01","0.03"
6968,"0.01","0.04"
6969,"0.02","0.04"
6970,"0.02","0.04"
6971,"0.02","0.04"
6972,"0.02","0.04"
6973,"0.02","0.04"
6974,"0.02","0.05"
6975,"0.02","0.04"
6976,"0.02","0.04"
6977,"0.02","0.04"
6978,"0.02","0.04"
6979,"0.02","0.04"
6980,"0.02","0.04"
6981,"0.02","0.04"
6982,"0.02","0.04"
6983,"0.01","0.04"
6984,"0.01","0.03"
6985,"0.01","0.03"
6986,"0.01","0.03"
6987,"0.01","0.03"
6988,"0.01","0.03"
6989,"0.01","0.03"
6990,"0.01","0.03"
6991,"0.01","0.03"
6992,"0.02","0.04"
6993,"0.02","0.04"
6994,"0.02","0.04"
6995,"0.02","0.04"
6996,"0.01","0.04"
6997,"0.01","0.03"
6998,"0.01","0.03"
6999,"0.01","0.04"
7000,"0.01","0.04"
7001,"0.01","0.04"
7002,"0.01","0.03"
7003,"0.02","0.04"
7004,"0.02","0.04"
7005,"0.02","0.04"
7006,"0.02","0.05"
7007,"0.02","0.05"
7008,"0.02","0.05"
7009,"0.02","0.05"
7010,"0.02","0.06"
7011,"0.02","0.05"
7012,"0.02","0.06"
7013,"0.03","0.06"
7014,"0.03","0.06"
7015,"0.03","0.06"
7016,"0.03","0.06"
7017,"0.03","0.07"
7018,"0.03","0.07"
7019,"0.03","0.06"
7020,"0.03","0.06"
7021,"0.03","0.06"
7022,"0.03","0.05"
7023,"0.02","0.05"
7024,"0.02","0.05"
7025,"0.02","0.04"
7026,"0.01","0.04"
7027,"0.01","0.03"
7028,"0.01","0.03"
7029,"0.01","0.03"
7030,"0.01","0.03"
7031,"0.01","0.02"
7032,"0.01","0.03"
7033,"0.01","0.03"
7034,"0.02","0.04"
7035,"0.02","0.05"
7036,"0.02","0.05"
7037,"0.03","0.05"
7038,"0.03","0.05"
7039,"0.03","0.06"
7040,"0.03","0.05"
7041,"0.03","0.06"
7042,"0.03","0.06"
7043,"0.03","0.06"
7044,"0.03","0.05"
7045,"0.03","0.05"
7046,"0.03","0.06"
7047,"0.03","0.05"
7048,"0.03","0.06"
7049,"0.02","0.05"
7050,"0.02","0.05"
7051,"0.02","0.04"
7052,"0.02","0.04"
7053,"0.01","0.04"
7054,"0.01","0.04"
7055,"0.02","0.04"
7056,"0.02","0.05"
7057,"0.02","0.04"
7058,"0.02","0.04"
7059,"0.02","0.04"
7060,"0.02","0.04"
7061,"0.02","0.04"
7062,"0.02","0.04"
7063,"0.02","0.04"
7064,"0.02","0.04"
7065,"0.02","0.04"
7066,"0.01","0.04"
7067,"0.01","0.04"
7068,"0.02","0.04"
7069,"0.01","0.04"
7070,"0.02","0.04"
7071,"0.02","0.04"
7072,"0.01","0.04"
7073,"0.01","0.03"
7074,"0.01","0.03"
7075,"0.01","0.04"
7076,"0.01","0.03"
7077,"0.01","0.03"
7078,"0.01","0.04"
7079,"0.02","0.04"
7080,"0.02","0.04"
7081,"0.02","0.05"
7082,"0.02","0.05"
7083,"0.02","0.05"
7084,"0.02","0.04"
7085,"0.02","0.04"
7086,"0.02","0.04"
7087,"0.02","0.04"
7088,"0.01","0.04"
7089,"0.01","0.04"
7090,"0.01","0.04"
7091,"0.01","0.04"
7092,"0.01","0.05"
7093,"0.01","0.04"
7094,"0.01","0.04"
7095,"0.01","0.04"
7096,"0.0","0.03"
